# size = 1065
# first_index = 0
# first_id = 43865
# n = 4072
# variable = spikes
# last_id = 44929
# last_index = 1065
# dt = 0.1
# label = L5I
0.10000000000000001	9.0
0.10000000000000001	23.0
0.10000000000000001	32.0
0.10000000000000001	51.0
0.10000000000000001	73.0
0.10000000000000001	81.0
0.10000000000000001	100.0
0.10000000000000001	105.0
0.10000000000000001	125.0
0.10000000000000001	131.0
0.10000000000000001	139.0
0.10000000000000001	141.0
0.10000000000000001	145.0
0.10000000000000001	210.0
0.10000000000000001	220.0
0.10000000000000001	225.0
0.10000000000000001	233.0
0.10000000000000001	256.0
0.10000000000000001	276.0
0.10000000000000001	334.0
0.10000000000000001	336.0
0.10000000000000001	370.0
0.10000000000000001	373.0
0.10000000000000001	379.0
0.10000000000000001	395.0
0.10000000000000001	400.0
0.10000000000000001	402.0
0.10000000000000001	407.0
0.10000000000000001	414.0
0.10000000000000001	429.0
0.10000000000000001	457.0
0.10000000000000001	460.0
0.10000000000000001	498.0
0.10000000000000001	506.0
0.10000000000000001	554.0
0.10000000000000001	583.0
0.10000000000000001	600.0
0.10000000000000001	612.0
0.10000000000000001	621.0
0.10000000000000001	648.0
0.10000000000000001	650.0
0.10000000000000001	655.0
0.10000000000000001	657.0
0.10000000000000001	671.0
0.10000000000000001	707.0
0.10000000000000001	715.0
0.10000000000000001	748.0
0.10000000000000001	758.0
0.10000000000000001	764.0
0.10000000000000001	786.0
0.10000000000000001	791.0
0.10000000000000001	799.0
0.10000000000000001	819.0
0.10000000000000001	840.0
0.10000000000000001	843.0
0.10000000000000001	844.0
0.10000000000000001	854.0
0.10000000000000001	863.0
0.10000000000000001	899.0
0.10000000000000001	908.0
0.10000000000000001	924.0
0.10000000000000001	946.0
0.10000000000000001	947.0
0.10000000000000001	948.0
0.10000000000000001	949.0
0.10000000000000001	955.0
0.10000000000000001	1009.0
0.10000000000000001	1011.0
0.10000000000000001	1026.0
0.10000000000000001	1033.0
0.10000000000000001	1043.0
0.10000000000000001	1056.0
0.90000000000000002	534.0
1.2	169.0
1.2	426.0
1.3999999999999999	29.0
1.3999999999999999	514.0
1.6000000000000001	1002.0
1.7	365.0
1.7	651.0
1.8	1052.0
1.8999999999999999	133.0
1.8999999999999999	151.0
1.8999999999999999	943.0
2.1000000000000001	427.0
2.2000000000000002	388.0
2.2999999999999998	123.0
2.2999999999999998	314.0
2.2999999999999998	867.0
2.3999999999999999	10.0
2.3999999999999999	163.0
2.5	292.0
2.5	728.0
2.5	929.0
2.6000000000000001	992.0
2.7000000000000002	177.0
2.7000000000000002	345.0
2.7000000000000002	874.0
2.7999999999999998	275.0
2.7999999999999998	318.0
2.7999999999999998	547.0
2.7999999999999998	1058.0
2.8999999999999999	350.0
2.8999999999999999	354.0
2.8999999999999999	513.0
3.0	4.0
3.1000000000000001	252.0
3.1000000000000001	500.0
3.1000000000000001	731.0
3.2000000000000002	665.0
3.2999999999999998	415.0
3.2999999999999998	504.0
3.2999999999999998	979.0
3.3999999999999999	74.0
3.5	162.0
3.5	750.0
3.7000000000000002	667.0
3.7000000000000002	1014.0
4.0	737.0
4.0999999999999996	788.0
4.0999999999999996	988.0
4.0999999999999996	1059.0
4.2999999999999998	548.0
4.4000000000000004	878.0
4.5999999999999996	310.0
4.7000000000000002	696.0
4.7999999999999998	855.0
5.0	1064.0
5.2000000000000002	15.0
5.2999999999999998	615.0
5.5999999999999996	436.0
5.5999999999999996	452.0
5.7999999999999998	72.0
5.7999999999999998	636.0
5.9000000000000004	453.0
6.0999999999999996	368.0
6.2000000000000002	144.0
6.2000000000000002	485.0
6.4000000000000004	761.0
6.5	999.0
6.7000000000000002	343.0
6.7000000000000002	645.0
6.7000000000000002	691.0
6.7000000000000002	796.0
6.7999999999999998	77.0
6.7999999999999998	706.0
7.2000000000000002	935.0
7.2999999999999998	703.0
7.7000000000000002	19.0
8.0999999999999996	303.0
8.1999999999999993	393.0
8.5	672.0
9.4000000000000004	852.0
9.8000000000000007	552.0
10.0	488.0
11.0	749.0
13.4	25.0
14.300000000000001	159.0
14.6	554.0
14.800000000000001	958.0
16.699999999999999	102.0
17.300000000000001	359.0
17.5	468.0
17.699999999999999	348.0
17.699999999999999	625.0
19.800000000000001	347.0
20.0	599.0
21.0	283.0
21.100000000000001	232.0
21.399999999999999	2.0
21.800000000000001	573.0
22.100000000000001	559.0
22.800000000000001	575.0
23.5	1020.0
24.199999999999999	45.0
24.199999999999999	172.0
24.199999999999999	555.0
24.399999999999999	48.0
24.899999999999999	55.0
25.300000000000001	438.0
25.399999999999999	805.0
25.5	1034.0
26.199999999999999	608.0
26.699999999999999	395.0
26.899999999999999	479.0
27.600000000000001	256.0
28.600000000000001	834.0
28.800000000000001	881.0
28.899999999999999	972.0
29.300000000000001	915.0
29.5	340.0
30.199999999999999	572.0
30.5	335.0
30.5	541.0
30.600000000000001	41.0
30.800000000000001	960.0
31.0	455.0
31.0	904.0
31.199999999999999	814.0
31.399999999999999	949.0
31.699999999999999	558.0
31.699999999999999	605.0
31.800000000000001	429.0
32.899999999999999	258.0
33.299999999999997	639.0
33.5	729.0
34.0	136.0
34.0	656.0
34.600000000000001	11.0
36.100000000000001	585.0
36.299999999999997	899.0
36.600000000000001	433.0
37.0	483.0
37.200000000000003	310.0
37.600000000000001	1001.0
37.899999999999999	597.0
38.299999999999997	313.0
38.299999999999997	704.0
38.5	954.0
39.0	835.0
39.100000000000001	234.0
39.5	931.0
39.799999999999997	1016.0
40.100000000000001	144.0
40.299999999999997	527.0
40.5	224.0
40.700000000000003	809.0
41.100000000000001	294.0
41.5	98.0
41.700000000000003	498.0
42.5	615.0
42.600000000000001	709.0
43.100000000000001	506.0
43.100000000000001	552.0
44.5	450.0
44.5	604.0
44.600000000000001	750.0
44.799999999999997	880.0
45.100000000000001	703.0
45.600000000000001	817.0
45.700000000000003	474.0
45.700000000000003	792.0
46.100000000000001	467.0
46.200000000000003	649.0
46.600000000000001	236.0
46.600000000000001	905.0
46.700000000000003	240.0
46.700000000000003	283.0
46.899999999999999	457.0
47.100000000000001	116.0
47.200000000000003	781.0
47.399999999999999	550.0
47.5	185.0
47.5	487.0
47.899999999999999	251.0
48.100000000000001	877.0
48.5	480.0
48.5	777.0
48.600000000000001	895.0
48.700000000000003	272.0
49.100000000000001	1007.0
49.700000000000003	876.0
49.799999999999997	588.0
50.399999999999999	74.0
50.5	591.0
50.600000000000001	747.0
50.899999999999999	415.0
51.200000000000003	427.0
51.600000000000001	759.0
52.0	210.0
52.399999999999999	243.0
52.600000000000001	686.0
52.600000000000001	773.0
53.299999999999997	268.0
53.299999999999997	491.0
53.399999999999999	32.0
53.5	80.0
53.5	548.0
53.700000000000003	626.0
53.899999999999999	705.0
54.299999999999997	126.0
54.299999999999997	290.0
54.299999999999997	423.0
54.299999999999997	515.0
54.5	582.0
54.799999999999997	462.0
55.0	522.0
55.100000000000001	826.0
55.100000000000001	960.0
55.399999999999999	271.0
55.399999999999999	731.0
55.399999999999999	897.0
55.600000000000001	369.0
55.799999999999997	125.0
55.899999999999999	771.0
56.0	336.0
56.5	762.0
56.600000000000001	27.0
57.0	255.0
57.200000000000003	84.0
57.5	495.0
57.5	499.0
57.700000000000003	616.0
58.799999999999997	661.0
59.100000000000001	262.0
60.0	122.0
60.399999999999999	666.0
61.399999999999999	690.0
61.600000000000001	871.0
62.299999999999997	58.0
62.5	342.0
63.100000000000001	458.0
63.399999999999999	123.0
63.399999999999999	644.0
63.5	812.0
64.0	305.0
64.299999999999997	995.0
64.900000000000006	199.0
64.900000000000006	250.0
64.900000000000006	1002.0
65.099999999999994	0.0
65.700000000000003	1051.0
65.799999999999997	362.0
65.900000000000006	395.0
66.200000000000003	906.0
66.900000000000006	739.0
67.0	356.0
67.0	505.0
67.0	581.0
67.299999999999997	113.0
67.299999999999997	434.0
68.200000000000003	657.0
68.200000000000003	733.0
68.400000000000006	755.0
68.700000000000003	347.0
69.0	599.0
69.400000000000006	344.0
69.599999999999994	46.0
69.799999999999997	124.0
69.799999999999997	967.0
69.900000000000006	980.0
70.0	882.0
70.099999999999994	40.0
70.099999999999994	361.0
70.700000000000003	416.0
71.299999999999997	918.0
71.700000000000003	691.0
72.0	178.0
72.099999999999994	20.0
72.200000000000003	77.0
72.200000000000003	830.0
72.5	70.0
72.5	1048.0
72.700000000000003	823.0
72.799999999999997	576.0
72.900000000000006	634.0
73.400000000000006	787.0
73.900000000000006	62.0
73.900000000000006	682.0
74.200000000000003	325.0
74.400000000000006	941.0
74.700000000000003	190.0
75.200000000000003	649.0
75.599999999999994	617.0
75.799999999999997	614.0
76.0	231.0
76.099999999999994	1020.0
76.400000000000006	239.0
76.400000000000006	892.0
76.700000000000003	3.0
76.799999999999997	150.0
76.799999999999997	727.0
76.900000000000006	556.0
76.900000000000006	870.0
77.099999999999994	792.0
77.099999999999994	966.0
77.400000000000006	642.0
77.5	788.0
77.700000000000003	655.0
78.400000000000006	380.0
78.700000000000003	628.0
79.099999999999994	534.0
79.200000000000003	842.0
79.200000000000003	1033.0
80.400000000000006	94.0
80.599999999999994	335.0
81.0	809.0
81.099999999999994	316.0
81.099999999999994	448.0
83.0	88.0
83.5	651.0
83.5	738.0
83.700000000000003	355.0
83.900000000000006	323.0
84.299999999999997	375.0
84.299999999999997	397.0
84.299999999999997	923.0
84.5	537.0
84.700000000000003	636.0
84.900000000000006	507.0
85.0	172.0
85.099999999999994	627.0
85.400000000000006	783.0
85.5	29.0
85.700000000000003	836.0
85.799999999999997	320.0
86.299999999999997	485.0
86.799999999999997	84.0
87.099999999999994	390.0
87.200000000000003	763.0
87.200000000000003	865.0
87.400000000000006	64.0
87.400000000000006	992.0
87.900000000000006	934.0
88.099999999999994	915.0
88.400000000000006	173.0
88.400000000000006	294.0
88.400000000000006	312.0
88.5	678.0
88.599999999999994	893.0
88.700000000000003	667.0
88.900000000000006	112.0
89.200000000000003	777.0
89.299999999999997	723.0
89.5	545.0
89.5	596.0
90.200000000000003	560.0
90.400000000000006	202.0
90.599999999999994	282.0
90.599999999999994	907.0
90.799999999999997	215.0
91.299999999999997	483.0
91.5	779.0
91.599999999999994	926.0
91.599999999999994	1022.0
91.700000000000003	382.0
91.799999999999997	860.0
91.900000000000006	762.0
92.299999999999997	357.0
92.299999999999997	591.0
92.299999999999997	639.0
92.700000000000003	55.0
93.299999999999997	146.0
93.299999999999997	352.0
93.400000000000006	366.0
93.400000000000006	790.0
93.5	469.0
93.700000000000003	318.0
93.799999999999997	249.0
94.0	660.0
94.200000000000003	455.0
94.799999999999997	113.0
94.900000000000006	386.0
95.0	573.0
95.200000000000003	65.0
95.200000000000003	343.0
95.5	412.0
95.5	1015.0
96.799999999999997	332.0
96.900000000000006	889.0
97.0	306.0
97.200000000000003	155.0
97.599999999999994	424.0
97.599999999999994	753.0
97.700000000000003	666.0
98.400000000000006	383.0
98.599999999999994	160.0
98.599999999999994	756.0
98.900000000000006	887.0
99.0	194.0
99.200000000000003	178.0
99.700000000000003	242.0
100.2	309.0
100.8	605.0
100.90000000000001	379.0
101.3	71.0
101.90000000000001	620.0
102.09999999999999	276.0
102.5	523.0
102.8	877.0
102.90000000000001	466.0
103.59999999999999	863.0
103.90000000000001	61.0
103.90000000000001	766.0
104.09999999999999	962.0
104.40000000000001	257.0
104.8	75.0
105.09999999999999	111.0
105.2	1000.0
105.3	525.0
105.8	19.0
105.90000000000001	252.0
106.09999999999999	421.0
106.09999999999999	985.0
106.09999999999999	1010.0
106.2	993.0
106.90000000000001	141.0
107.0	461.0
107.0	671.0
107.59999999999999	125.0
107.59999999999999	196.0
108.0	449.0
108.2	936.0
108.40000000000001	25.0
108.5	715.0
109.7	781.0
109.8	514.0
110.09999999999999	243.0
110.3	26.0
110.59999999999999	284.0
111.2	956.0
111.5	927.0
111.7	0.0
111.7	215.0
112.3	893.0
112.40000000000001	965.0
112.8	649.0
113.2	24.0
113.3	13.0
113.5	908.0
114.7	594.0
114.90000000000001	213.0
115.3	637.0
115.3	932.0
115.3	980.0
115.90000000000001	323.0
116.0	465.0
116.09999999999999	654.0
116.2	325.0
116.3	678.0
116.3	989.0
116.7	363.0
116.8	710.0
117.40000000000001	142.0
117.59999999999999	516.0
117.7	48.0
118.09999999999999	394.0
118.3	817.0
118.40000000000001	870.0
118.5	448.0
118.59999999999999	834.0
118.8	359.0
119.2	6.0
119.3	841.0
119.40000000000001	15.0
119.5	289.0
119.5	519.0
119.59999999999999	417.0
119.59999999999999	949.0
120.0	511.0
120.3	823.0
120.5	750.0
120.7	885.0
121.2	549.0
121.8	41.0
122.2	620.0
122.3	362.0
122.40000000000001	680.0
122.40000000000001	1039.0
122.5	403.0
123.2	271.0
123.2	440.0
123.40000000000001	98.0
123.59999999999999	319.0
124.2	306.0
124.2	827.0
124.7	59.0
125.2	445.0
125.5	468.0
125.59999999999999	16.0
125.7	663.0
126.59999999999999	28.0
126.59999999999999	801.0
126.90000000000001	201.0
127.0	459.0
127.3	169.0
127.59999999999999	1014.0
128.40000000000001	976.0
128.5	132.0
128.69999999999999	901.0
128.69999999999999	909.0
129.30000000000001	373.0
129.30000000000001	1016.0
129.5	837.0
130.0	629.0
130.40000000000001	998.0
130.59999999999999	1048.0
131.19999999999999	233.0
131.69999999999999	589.0
132.19999999999999	83.0
132.5	283.0
132.90000000000001	566.0
133.0	575.0
133.0	816.0
133.40000000000001	498.0
133.40000000000001	666.0
133.40000000000001	855.0
133.5	497.0
133.69999999999999	865.0
133.90000000000001	785.0
134.09999999999999	650.0
134.40000000000001	937.0
134.90000000000001	170.0
135.0	550.0
135.09999999999999	631.0
135.30000000000001	344.0
135.59999999999999	676.0
135.69999999999999	984.0
135.90000000000001	58.0
135.90000000000001	1030.0
136.5	192.0
137.59999999999999	193.0
137.69999999999999	755.0
137.69999999999999	806.0
137.69999999999999	987.0
137.80000000000001	505.0
138.30000000000001	559.0
138.69999999999999	994.0
139.0	399.0
139.0	708.0
139.09999999999999	636.0
139.30000000000001	446.0
139.5	810.0
140.19999999999999	879.0
140.40000000000001	204.0
140.5	529.0
140.80000000000001	148.0
140.90000000000001	514.0
141.0	214.0
141.19999999999999	323.0
141.19999999999999	962.0
141.5	836.0
142.30000000000001	1027.0
142.69999999999999	414.0
142.80000000000001	195.0
142.90000000000001	308.0
143.59999999999999	832.0
144.09999999999999	120.0
144.09999999999999	466.0
144.40000000000001	935.0
144.5	568.0
144.69999999999999	9.0
145.0	773.0
146.19999999999999	281.0
146.80000000000001	884.0
147.09999999999999	1055.0
147.40000000000001	866.0
147.5	210.0
147.59999999999999	966.0
147.69999999999999	1020.0
147.80000000000001	99.0
148.0	1045.0
148.30000000000001	52.0
148.59999999999999	94.0
148.69999999999999	383.0
149.09999999999999	391.0
149.30000000000001	327.0
149.30000000000001	459.0
149.59999999999999	537.0
149.80000000000001	652.0
149.90000000000001	1018.0
150.19999999999999	534.0
151.0	217.0
151.5	714.0
151.5	739.0
151.80000000000001	685.0
152.09999999999999	163.0
153.40000000000001	264.0
153.59999999999999	218.0
153.59999999999999	943.0
154.0	565.0
154.40000000000001	215.0
154.5	339.0
155.19999999999999	659.0
155.40000000000001	1030.0
155.90000000000001	965.0
156.0	188.0
156.19999999999999	192.0
156.5	322.0
157.0	757.0
157.09999999999999	426.0
157.19999999999999	423.0
157.40000000000001	813.0
158.5	121.0
158.59999999999999	183.0
158.80000000000001	496.0
159.30000000000001	574.0
159.40000000000001	141.0
159.69999999999999	820.0
160.19999999999999	680.0
161.09999999999999	493.0
161.09999999999999	729.0
161.5	299.0
161.59999999999999	490.0
162.0	591.0
162.09999999999999	794.0
162.5	495.0
162.69999999999999	831.0
162.80000000000001	284.0
163.0	88.0
163.09999999999999	201.0
163.09999999999999	939.0
163.30000000000001	653.0
163.59999999999999	352.0
163.69999999999999	372.0
163.69999999999999	480.0
163.80000000000001	62.0
163.90000000000001	463.0
164.09999999999999	273.0
164.09999999999999	861.0
164.19999999999999	623.0
164.30000000000001	467.0
165.30000000000001	643.0
165.5	575.0
165.59999999999999	706.0
166.09999999999999	296.0
166.09999999999999	711.0
166.30000000000001	247.0
166.30000000000001	1062.0
166.40000000000001	641.0
167.0	777.0
167.5	796.0
168.0	185.0
168.0	1010.0
168.09999999999999	1028.0
168.5	741.0
168.5	1013.0
168.90000000000001	844.0
169.5	698.0
169.59999999999999	64.0
169.69999999999999	509.0
170.19999999999999	442.0
170.80000000000001	1029.0
171.19999999999999	36.0
171.30000000000001	532.0
171.5	399.0
171.59999999999999	700.0
171.69999999999999	164.0
172.0	732.0
172.40000000000001	562.0
172.59999999999999	200.0
172.80000000000001	489.0
173.09999999999999	634.0
173.69999999999999	1042.0
173.90000000000001	114.0
174.0	455.0
174.09999999999999	469.0
174.5	798.0
174.59999999999999	20.0
174.69999999999999	897.0
174.80000000000001	552.0
174.90000000000001	230.0
175.5	725.0
175.69999999999999	768.0
175.80000000000001	781.0
176.30000000000001	407.0
176.30000000000001	678.0
176.30000000000001	884.0
177.09999999999999	585.0
177.40000000000001	686.0
177.80000000000001	113.0
177.80000000000001	171.0
177.90000000000001	471.0
177.90000000000001	814.0
178.40000000000001	375.0
178.5	104.0
178.5	281.0
179.30000000000001	213.0
179.40000000000001	317.0
180.09999999999999	1032.0
181.80000000000001	953.0
182.0	674.0
182.59999999999999	522.0
182.59999999999999	627.0
182.69999999999999	158.0
182.69999999999999	640.0
182.69999999999999	724.0
183.19999999999999	245.0
183.59999999999999	235.0
184.0	748.0
184.09999999999999	262.0
184.40000000000001	834.0
184.5	93.0
184.5	749.0
184.5	933.0
184.69999999999999	672.0
184.80000000000001	65.0
184.80000000000001	626.0
185.0	827.0
185.09999999999999	841.0
185.19999999999999	320.0
185.30000000000001	637.0
185.40000000000001	404.0
185.59999999999999	136.0
185.59999999999999	684.0
185.69999999999999	617.0
185.80000000000001	613.0
186.0	564.0
186.40000000000001	381.0
186.5	147.0
186.69999999999999	130.0
187.5	875.0
187.90000000000001	91.0
187.90000000000001	619.0
188.19999999999999	525.0
188.19999999999999	639.0
189.0	150.0
189.09999999999999	361.0
189.19999999999999	289.0
189.19999999999999	457.0
189.19999999999999	946.0
189.59999999999999	49.0
189.59999999999999	201.0
189.69999999999999	2.0
189.80000000000001	56.0
189.90000000000001	682.0
190.0	789.0
190.5	608.0
191.0	563.0
191.0	839.0
191.69999999999999	917.0
192.69999999999999	338.0
192.90000000000001	126.0
194.0	859.0
194.0	906.0
194.40000000000001	504.0
194.59999999999999	708.0
194.80000000000001	45.0
194.80000000000001	1001.0
194.90000000000001	737.0
195.19999999999999	23.0
195.30000000000001	259.0
195.40000000000001	177.0
195.69999999999999	395.0
196.09999999999999	804.0
196.59999999999999	428.0
197.0	514.0
197.19999999999999	1030.0
197.30000000000001	505.0
197.30000000000001	932.0
197.90000000000001	69.0
198.59999999999999	571.0
198.59999999999999	757.0
198.69999999999999	343.0
198.80000000000001	923.0
198.90000000000001	353.0
199.0	411.0
199.0	614.0
199.09999999999999	577.0
199.09999999999999	809.0
199.40000000000001	1015.0
199.69999999999999	75.0
200.19999999999999	47.0
200.30000000000001	640.0
200.59999999999999	396.0
200.90000000000001	228.0
201.0	618.0
201.19999999999999	658.0
201.40000000000001	1010.0
201.90000000000001	17.0
202.80000000000001	347.0
203.0	791.0
203.40000000000001	580.0
203.40000000000001	738.0
204.30000000000001	19.0
204.40000000000001	271.0
204.59999999999999	371.0
204.59999999999999	1059.0
204.69999999999999	258.0
204.80000000000001	813.0
204.80000000000001	833.0
205.0	273.0
205.0	966.0
205.40000000000001	29.0
205.5	286.0
205.59999999999999	530.0
206.09999999999999	540.0
206.30000000000001	354.0
206.40000000000001	348.0
206.40000000000001	871.0
207.40000000000001	567.0
207.5	651.0
207.69999999999999	3.0
207.80000000000001	246.0
207.80000000000001	376.0
208.19999999999999	243.0
209.0	743.0
209.30000000000001	942.0
209.40000000000001	482.0
209.40000000000001	528.0
209.5	1049.0
209.90000000000001	174.0
210.19999999999999	9.0
210.30000000000001	18.0
210.40000000000001	536.0
210.40000000000001	844.0
210.59999999999999	133.0
210.90000000000001	893.0
211.19999999999999	301.0
211.59999999999999	169.0
211.80000000000001	391.0
211.90000000000001	114.0
211.90000000000001	374.0
212.09999999999999	526.0
212.09999999999999	675.0
212.19999999999999	934.0
212.30000000000001	907.0
212.5	363.0
212.69999999999999	669.0
212.80000000000001	345.0
213.0	310.0
213.19999999999999	867.0
213.40000000000001	990.0
213.5	811.0
214.0	422.0
214.19999999999999	591.0
214.40000000000001	547.0
214.5	234.0
214.59999999999999	665.0
215.5	908.0
215.59999999999999	268.0
215.69999999999999	548.0
216.0	476.0
216.09999999999999	101.0
216.69999999999999	170.0
216.69999999999999	713.0
216.69999999999999	986.0
217.0	400.0
217.19999999999999	405.0
217.80000000000001	805.0
218.69999999999999	883.0
218.69999999999999	894.0
218.80000000000001	137.0
218.80000000000001	828.0
218.90000000000001	628.0
219.19999999999999	100.0
219.19999999999999	196.0
219.19999999999999	1056.0
219.59999999999999	599.0
219.80000000000001	456.0
220.30000000000001	837.0
220.40000000000001	760.0
220.5	516.0
221.09999999999999	799.0
221.30000000000001	1014.0
221.5	409.0
221.5	685.0
221.5	714.0
221.59999999999999	40.0
221.90000000000001	27.0
221.90000000000001	496.0
222.0	824.0
222.09999999999999	931.0
222.40000000000001	952.0
222.5	780.0
223.40000000000001	149.0
223.59999999999999	798.0
224.0	564.0
224.0	979.0
224.40000000000001	546.0
224.90000000000001	427.0
225.09999999999999	802.0
225.40000000000001	912.0
226.5	367.0
226.69999999999999	414.0
226.69999999999999	751.0
226.90000000000001	474.0
227.30000000000001	686.0
227.80000000000001	304.0
228.09999999999999	740.0
228.59999999999999	17.0
229.19999999999999	289.0
229.69999999999999	426.0
230.5	319.0
230.90000000000001	148.0
230.90000000000001	767.0
231.69999999999999	555.0
231.80000000000001	184.0
231.90000000000001	587.0
232.09999999999999	715.0
233.09999999999999	220.0
233.19999999999999	31.0
233.19999999999999	822.0
233.30000000000001	779.0
233.5	150.0
233.5	941.0
234.30000000000001	99.0
234.30000000000001	507.0
234.59999999999999	189.0
234.59999999999999	301.0
234.80000000000001	65.0
235.09999999999999	574.0
235.69999999999999	380.0
236.0	325.0
236.0	348.0
236.0	363.0
236.5	420.0
236.90000000000001	169.0
236.90000000000001	393.0
237.0	16.0
237.09999999999999	1020.0
237.5	415.0
237.5	454.0
237.59999999999999	211.0
237.80000000000001	197.0
237.90000000000001	733.0
238.30000000000001	263.0
238.40000000000001	242.0
238.80000000000001	772.0
238.90000000000001	309.0
239.19999999999999	130.0
239.19999999999999	541.0
240.5	620.0
240.59999999999999	126.0
240.69999999999999	984.0
241.0	233.0
241.0	236.0
241.19999999999999	161.0
241.40000000000001	395.0
241.5	280.0
241.59999999999999	225.0
242.0	661.0
242.19999999999999	422.0
242.30000000000001	30.0
242.59999999999999	450.0
243.19999999999999	542.0
243.40000000000001	639.0
243.40000000000001	943.0
243.59999999999999	1037.0
243.69999999999999	387.0
243.69999999999999	690.0
243.90000000000001	987.0
244.19999999999999	498.0
244.30000000000001	312.0
244.59999999999999	315.0
244.80000000000001	330.0
244.90000000000001	61.0
245.59999999999999	14.0
246.40000000000001	860.0
246.59999999999999	863.0
246.90000000000001	755.0
247.0	231.0
247.19999999999999	925.0
247.5	629.0
247.90000000000001	754.0
248.40000000000001	854.0
248.59999999999999	893.0
249.0	137.0
250.0	75.0
250.19999999999999	204.0
250.59999999999999	151.0
251.0	455.0
251.09999999999999	3.0
251.69999999999999	304.0
252.09999999999999	337.0
252.30000000000001	241.0
252.40000000000001	441.0
252.80000000000001	324.0
253.30000000000001	138.0
253.40000000000001	866.0
253.69999999999999	25.0
254.0	258.0
254.30000000000001	140.0
254.30000000000001	472.0
254.5	875.0
254.69999999999999	602.0
255.09999999999999	218.0
255.09999999999999	1015.0
255.80000000000001	406.0
256.19999999999999	190.0
256.69999999999999	13.0
256.69999999999999	323.0
256.69999999999999	992.0
256.89999999999998	868.0
257.0	879.0
257.60000000000002	935.0
257.89999999999998	317.0
257.89999999999998	657.0
258.30000000000001	462.0
259.0	1008.0
259.19999999999999	538.0
259.69999999999999	895.0
260.39999999999998	892.0
260.60000000000002	651.0
260.60000000000002	1053.0
260.69999999999999	835.0
260.80000000000001	680.0
260.89999999999998	113.0
261.10000000000002	763.0
261.5	207.0
261.69999999999999	28.0
261.89999999999998	64.0
262.0	156.0
262.19999999999999	89.0
262.39999999999998	803.0
262.5	789.0
262.60000000000002	594.0
263.10000000000002	480.0
263.30000000000001	1020.0
263.5	361.0
263.60000000000002	678.0
263.69999999999999	180.0
264.19999999999999	878.0
264.39999999999998	492.0
264.60000000000002	794.0
264.69999999999999	500.0
265.19999999999999	414.0
265.30000000000001	817.0
265.39999999999998	371.0
265.39999999999998	826.0
265.39999999999998	985.0
265.69999999999999	785.0
265.80000000000001	280.0
265.89999999999998	373.0
266.10000000000002	261.0
266.10000000000002	471.0
266.10000000000002	821.0
266.30000000000001	470.0
266.39999999999998	796.0
266.80000000000001	555.0
266.89999999999998	1034.0
267.30000000000001	1038.0
267.39999999999998	489.0
267.5	247.0
267.60000000000002	276.0
267.89999999999998	473.0
268.10000000000002	641.0
268.30000000000001	1047.0
268.5	625.0
268.60000000000002	287.0
269.0	1032.0
270.19999999999999	537.0
270.5	222.0
270.60000000000002	711.0
270.80000000000001	560.0
271.19999999999999	376.0
271.39999999999998	299.0
271.5	209.0
271.5	322.0
272.39999999999998	474.0
272.89999999999998	343.0
273.10000000000002	765.0
274.10000000000002	457.0
274.30000000000001	368.0
274.39999999999998	102.0
274.5	976.0
275.0	186.0
275.10000000000002	514.0
275.19999999999999	676.0
275.5	67.0
275.5	390.0
275.69999999999999	14.0
276.0	306.0
276.0	784.0
276.39999999999998	1063.0
276.5	431.0
276.60000000000002	733.0
276.80000000000001	533.0
277.0	856.0
277.10000000000002	375.0
277.19999999999999	657.0
277.30000000000001	258.0
277.30000000000001	355.0
278.10000000000002	814.0
279.10000000000002	919.0
279.30000000000001	39.0
279.5	627.0
279.60000000000002	55.0
279.80000000000001	114.0
279.80000000000001	381.0
279.80000000000001	605.0
279.80000000000001	930.0
280.10000000000002	201.0
280.39999999999998	372.0
280.69999999999999	961.0
281.10000000000002	50.0
281.10000000000002	237.0
281.19999999999999	971.0
281.5	362.0
281.5	704.0
281.60000000000002	360.0
282.39999999999998	662.0
282.80000000000001	924.0
283.0	491.0
283.10000000000002	176.0
283.5	488.0
283.60000000000002	512.0
283.89999999999998	523.0
284.19999999999999	739.0
284.30000000000001	426.0
284.30000000000001	594.0
284.69999999999999	564.0
284.89999999999998	17.0
285.39999999999998	1061.0
285.69999999999999	12.0
285.69999999999999	466.0
285.89999999999998	22.0
286.69999999999999	404.0
287.0	155.0
287.19999999999999	603.0
287.39999999999998	24.0
287.39999999999998	1059.0
288.60000000000002	659.0
288.69999999999999	170.0
288.69999999999999	779.0
289.0	942.0
289.39999999999998	233.0
289.60000000000002	242.0
289.60000000000002	813.0
290.10000000000002	130.0
290.10000000000002	297.0
290.5	151.0
290.60000000000002	48.0
290.60000000000002	718.0
290.89999999999998	34.0
291.0	173.0
292.10000000000002	623.0
292.80000000000001	35.0
292.89999999999998	320.0
292.89999999999998	757.0
293.10000000000002	998.0
293.39999999999998	444.0
293.5	75.0
293.5	759.0
293.80000000000001	604.0
294.0	387.0
294.19999999999999	545.0
294.80000000000001	865.0
295.30000000000001	105.0
295.5	669.0
295.5	680.0
296.10000000000002	870.0
296.19999999999999	793.0
296.39999999999998	661.0
297.0	400.0
297.10000000000002	123.0
297.19999999999999	223.0
297.5	871.0
297.60000000000002	1049.0
297.80000000000001	558.0
298.19999999999999	33.0
298.60000000000002	619.0
298.69999999999999	98.0
298.80000000000001	383.0
298.80000000000001	1000.0
299.0	590.0
299.0	642.0
299.19999999999999	980.0
299.30000000000001	370.0
299.39999999999998	984.0
299.69999999999999	231.0
299.80000000000001	846.0
299.89999999999998	832.0
300.0	615.0
300.39999999999998	1042.0
300.5	1026.0
300.80000000000001	843.0
300.89999999999998	205.0
302.10000000000002	904.0
302.5	673.0
302.60000000000002	752.0
303.39999999999998	485.0
303.39999999999998	882.0
303.5	952.0
303.89999999999998	447.0
303.89999999999998	956.0
304.0	517.0
304.19999999999999	207.0
304.19999999999999	419.0
304.30000000000001	361.0
304.39999999999998	582.0
304.60000000000002	455.0
304.80000000000001	557.0
304.80000000000001	1059.0
304.89999999999998	326.0
304.89999999999998	960.0
305.10000000000002	97.0
305.5	884.0
305.69999999999999	246.0
306.19999999999999	41.0
306.19999999999999	976.0
306.80000000000001	532.0
307.0	338.0
307.10000000000002	276.0
307.10000000000002	372.0
307.19999999999999	1064.0
307.30000000000001	214.0
307.89999999999998	4.0
307.89999999999998	10.0
308.19999999999999	940.0
308.30000000000001	937.0
308.60000000000002	974.0
309.10000000000002	580.0
309.80000000000001	609.0
309.80000000000001	1052.0
310.69999999999999	46.0
311.0	212.0
311.0	362.0
311.30000000000001	188.0
311.39999999999998	600.0
312.10000000000002	398.0
312.10000000000002	652.0
312.39999999999998	0.0
312.5	391.0
312.60000000000002	618.0
312.60000000000002	682.0
312.80000000000001	460.0
313.5	1048.0
313.89999999999998	239.0
314.0	860.0
314.10000000000002	289.0
314.10000000000002	958.0
314.39999999999998	514.0
314.80000000000001	893.0
314.89999999999998	858.0
315.0	305.0
316.0	643.0
316.10000000000002	463.0
316.10000000000002	565.0
316.10000000000002	607.0
316.19999999999999	597.0
316.30000000000001	519.0
316.80000000000001	538.0
317.69999999999999	777.0
317.80000000000001	575.0
317.80000000000001	1019.0
318.0	789.0
318.0	807.0
318.39999999999998	536.0
318.5	663.0
319.0	495.0
319.10000000000002	487.0
319.30000000000001	486.0
320.30000000000001	284.0
320.69999999999999	319.0
321.0	335.0
321.39999999999998	414.0
321.39999999999998	525.0
321.69999999999999	996.0
322.0	670.0
322.60000000000002	386.0
322.89999999999998	459.0
323.30000000000001	292.0
323.89999999999998	470.0
324.60000000000002	492.0
324.80000000000001	929.0
325.0	62.0
325.5	384.0
325.60000000000002	767.0
325.80000000000001	333.0
326.0	185.0
326.0	448.0
326.0	968.0
326.30000000000001	50.0
326.30000000000001	562.0
326.5	887.0
326.69999999999999	803.0
327.0	70.0
327.5	393.0
327.89999999999998	935.0
328.10000000000002	31.0
328.19999999999999	644.0
328.60000000000002	761.0
329.10000000000002	315.0
329.10000000000002	339.0
329.39999999999998	47.0
329.39999999999998	958.0
329.5	136.0
329.5	755.0
329.60000000000002	933.0
330.39999999999998	480.0
330.69999999999999	137.0
330.80000000000001	14.0
330.89999999999998	909.0
330.89999999999998	970.0
331.39999999999998	388.0
332.19999999999999	256.0
332.5	214.0
332.5	945.0
332.89999999999998	951.0
334.10000000000002	891.0
334.30000000000001	772.0
334.30000000000001	859.0
334.69999999999999	707.0
334.69999999999999	812.0
334.69999999999999	1061.0
334.89999999999998	322.0
335.39999999999998	403.0
335.60000000000002	363.0
335.89999999999998	230.0
336.39999999999998	156.0
336.5	541.0
336.69999999999999	67.0
336.89999999999998	829.0
337.69999999999999	43.0
337.80000000000001	209.0
337.89999999999998	1000.0
338.60000000000002	329.0
338.69999999999999	948.0
338.80000000000001	656.0
339.0	1056.0
339.19999999999999	274.0
339.39999999999998	542.0
339.69999999999999	370.0
339.80000000000001	11.0
340.10000000000002	57.0
340.80000000000001	753.0
341.0	140.0
341.30000000000001	549.0
341.60000000000002	963.0
341.69999999999999	361.0
342.10000000000002	84.0
342.10000000000002	598.0
342.19999999999999	586.0
342.19999999999999	743.0
342.69999999999999	1054.0
342.89999999999998	167.0
343.10000000000002	190.0
343.10000000000002	1062.0
343.39999999999998	453.0
343.89999999999998	590.0
343.89999999999998	799.0
344.10000000000002	878.0
344.69999999999999	654.0
345.10000000000002	98.0
345.60000000000002	113.0
345.60000000000002	924.0
345.69999999999999	438.0
345.89999999999998	427.0
346.0	64.0
346.30000000000001	376.0
346.39999999999998	246.0
346.5	258.0
346.60000000000002	774.0
346.69999999999999	932.0
346.80000000000001	102.0
346.80000000000001	304.0
346.80000000000001	625.0
347.39999999999998	841.0
347.5	834.0
348.10000000000002	521.0
348.19999999999999	495.0
348.39999999999998	823.0
348.60000000000002	280.0
348.69999999999999	345.0
348.69999999999999	950.0
348.80000000000001	36.0
348.89999999999998	938.0
349.19999999999999	522.0
349.5	692.0
349.60000000000002	694.0
349.89999999999998	347.0
349.89999999999998	1020.0
350.30000000000001	281.0
350.39999999999998	320.0
350.60000000000002	699.0
350.60000000000002	843.0
350.60000000000002	1038.0
350.80000000000001	622.0
351.0	680.0
351.10000000000002	892.0
351.39999999999998	988.0
351.69999999999999	124.0
352.19999999999999	210.0
352.19999999999999	507.0
352.60000000000002	767.0
352.80000000000001	990.0
352.89999999999998	662.0
353.30000000000001	481.0
353.30000000000001	1019.0
353.80000000000001	781.0
353.89999999999998	880.0
354.0	355.0
354.0	1058.0
354.60000000000002	605.0
355.0	805.0
355.10000000000002	136.0
355.10000000000002	189.0
355.30000000000001	290.0
356.39999999999998	536.0
356.69999999999999	982.0
356.80000000000001	259.0
356.89999999999998	664.0
357.10000000000002	928.0
357.30000000000001	906.0
357.69999999999999	761.0
358.60000000000002	130.0
359.30000000000001	137.0
359.39999999999998	896.0
360.89999999999998	146.0
361.10000000000002	220.0
361.39999999999998	325.0
361.39999999999998	444.0
361.5	293.0
361.69999999999999	203.0
361.89999999999998	970.0
362.19999999999999	226.0
362.30000000000001	811.0
362.80000000000001	284.0
362.89999999999998	436.0
363.0	144.0
363.10000000000002	245.0
363.10000000000002	936.0
363.69999999999999	232.0
363.80000000000001	397.0
364.69999999999999	694.0
364.80000000000001	25.0
365.19999999999999	972.0
365.5	191.0
365.80000000000001	745.0
366.69999999999999	177.0
366.80000000000001	569.0
366.89999999999998	485.0
367.39999999999998	400.0
367.5	367.0
367.60000000000002	150.0
367.69999999999999	299.0
367.69999999999999	654.0
367.89999999999998	584.0
368.39999999999998	252.0
368.89999999999998	141.0
368.89999999999998	777.0
369.30000000000001	215.0
369.39999999999998	323.0
369.69999999999999	1048.0
370.10000000000002	1014.0
370.19999999999999	214.0
370.5	559.0
370.80000000000001	380.0
370.89999999999998	1023.0
371.19999999999999	929.0
371.30000000000001	13.0
371.30000000000001	445.0
371.5	1064.0
372.0	286.0
372.5	19.0
372.60000000000002	807.0
372.80000000000001	416.0
373.10000000000002	478.0
373.19999999999999	519.0
373.80000000000001	516.0
373.80000000000001	751.0
373.89999999999998	255.0
374.0	792.0
374.10000000000002	433.0
374.19999999999999	703.0
374.5	834.0
374.60000000000002	72.0
374.60000000000002	352.0
375.19999999999999	738.0
375.60000000000002	379.0
375.60000000000002	446.0
375.60000000000002	494.0
375.69999999999999	466.0
376.10000000000002	580.0
377.0	1027.0
377.5	54.0
377.5	565.0
377.60000000000002	250.0
378.39999999999998	157.0
378.39999999999998	233.0
378.39999999999998	282.0
378.39999999999998	708.0
378.5	736.0
378.89999999999998	118.0
379.0	394.0
379.10000000000002	422.0
379.19999999999999	825.0
379.30000000000001	810.0
379.5	190.0
379.5	845.0
380.0	652.0
380.0	1047.0
380.69999999999999	642.0
381.10000000000002	515.0
381.10000000000002	793.0
381.30000000000001	9.0
381.30000000000001	1041.0
381.39999999999998	24.0
381.39999999999998	549.0
381.5	755.0
382.0	68.0
382.0	507.0
382.80000000000001	52.0
383.5	557.0
383.80000000000001	757.0
383.80000000000001	804.0
384.19999999999999	595.0
385.5	472.0
385.60000000000002	357.0
385.60000000000002	874.0
385.80000000000001	715.0
386.30000000000001	496.0
386.89999999999998	591.0
387.19999999999999	1053.0
387.39999999999998	953.0
387.60000000000002	143.0
387.69999999999999	922.0
387.80000000000001	505.0
388.0	460.0
388.5	180.0
388.80000000000001	434.0
389.0	234.0
389.10000000000002	514.0
389.10000000000002	582.0
389.19999999999999	787.0
389.89999999999998	449.0
390.30000000000001	126.0
391.0	779.0
391.39999999999998	844.0
391.5	788.0
392.19999999999999	152.0
392.80000000000001	915.0
392.89999999999998	465.0
393.30000000000001	962.0
393.39999999999998	728.0
393.5	813.0
393.69999999999999	540.0
393.80000000000001	138.0
393.80000000000001	173.0
393.80000000000001	706.0
394.19999999999999	263.0
394.19999999999999	599.0
394.30000000000001	184.0
394.60000000000002	690.0
394.60000000000002	964.0
394.69999999999999	34.0
394.89999999999998	302.0
394.89999999999998	949.0
395.0	172.0
395.0	650.0
395.60000000000002	30.0
395.69999999999999	853.0
395.89999999999998	329.0
395.89999999999998	1063.0
396.5	399.0
396.60000000000002	957.0
396.80000000000001	812.0
397.10000000000002	759.0
397.19999999999999	99.0
397.5	600.0
397.80000000000001	295.0
397.89999999999998	98.0
398.5	387.0
398.60000000000002	1060.0
399.0	762.0
399.19999999999999	58.0
399.19999999999999	523.0
400.5	256.0
400.80000000000001	461.0
400.89999999999998	206.0
401.39999999999998	314.0
402.10000000000002	574.0
402.19999999999999	486.0
402.30000000000001	507.0
402.89999999999998	643.0
403.5	340.0
404.30000000000001	839.0
404.39999999999998	15.0
404.39999999999998	727.0
404.5	480.0
404.69999999999999	459.0
405.0	842.0
405.30000000000001	13.0
406.39999999999998	213.0
406.39999999999998	536.0
406.5	549.0
406.69999999999999	996.0
407.0	517.0
407.19999999999999	182.0
407.5	954.0
407.69999999999999	510.0
407.89999999999998	821.0
408.10000000000002	756.0
408.10000000000002	900.0
408.19999999999999	766.0
408.30000000000001	665.0
408.39999999999998	641.0
408.60000000000002	1022.0
408.80000000000001	479.0
408.89999999999998	250.0
409.0	986.0
409.39999999999998	498.0
410.0	1013.0
410.10000000000002	11.0
410.10000000000002	199.0
410.19999999999999	27.0
410.30000000000001	482.0
410.60000000000002	86.0
410.60000000000002	584.0
410.69999999999999	521.0
410.80000000000001	831.0
410.89999999999998	317.0
411.19999999999999	349.0
411.5	793.0
412.69999999999999	64.0
412.69999999999999	415.0
412.80000000000001	360.0
412.80000000000001	952.0
412.89999999999998	108.0
413.19999999999999	615.0
413.5	110.0
413.60000000000002	648.0
414.19999999999999	287.0
414.5	50.0
414.5	725.0
414.69999999999999	248.0
414.89999999999998	659.0
415.10000000000002	620.0
415.10000000000002	935.0
415.19999999999999	307.0
416.39999999999998	457.0
416.5	890.0
416.60000000000002	301.0
417.60000000000002	165.0
417.60000000000002	733.0
418.5	388.0
418.5	1049.0
418.60000000000002	315.0
418.60000000000002	908.0
418.69999999999999	930.0
418.80000000000001	310.0
419.0	803.0
419.39999999999998	787.0
419.60000000000002	336.0
419.60000000000002	466.0
419.60000000000002	862.0
421.0	512.0
421.0	834.0
421.19999999999999	407.0
421.69999999999999	1015.0
421.89999999999998	796.0
422.10000000000002	52.0
422.10000000000002	880.0
422.5	870.0
422.60000000000002	998.0
422.89999999999998	369.0
423.60000000000002	540.0
423.60000000000002	675.0
423.89999999999998	268.0
424.10000000000002	539.0
424.69999999999999	289.0
426.0	475.0
426.10000000000002	233.0
426.60000000000002	409.0
426.80000000000001	1061.0
427.10000000000002	604.0
427.89999999999998	909.0
428.69999999999999	978.0
429.0	532.0
429.69999999999999	569.0
429.80000000000001	599.0
430.10000000000002	954.0
430.5	1027.0
430.80000000000001	423.0
430.89999999999998	937.0
431.0	352.0
431.10000000000002	373.0
431.10000000000002	386.0
431.39999999999998	636.0
431.89999999999998	410.0
431.89999999999998	760.0
432.30000000000001	232.0
432.30000000000001	897.0
432.5	234.0
432.5	271.0
432.5	852.0
432.69999999999999	1032.0
432.89999999999998	151.0
433.0	200.0
433.10000000000002	16.0
433.69999999999999	1028.0
434.0	380.0
434.0	714.0
434.10000000000002	201.0
434.10000000000002	240.0
434.30000000000001	911.0
434.5	19.0
434.89999999999998	743.0
434.89999999999998	917.0
435.10000000000002	147.0
436.10000000000002	418.0
436.10000000000002	839.0
436.89999999999998	61.0
437.39999999999998	328.0
437.5	208.0
437.60000000000002	173.0
437.60000000000002	230.0
437.69999999999999	455.0
438.10000000000002	931.0
438.19999999999999	594.0
438.5	830.0
438.60000000000002	93.0
438.69999999999999	129.0
439.19999999999999	561.0
439.5	551.0
439.60000000000002	918.0
439.80000000000001	10.0
439.89999999999998	693.0
440.0	251.0
440.10000000000002	858.0
440.89999999999998	671.0
442.5	12.0
442.60000000000002	363.0
443.60000000000002	86.0
443.60000000000002	485.0
443.89999999999998	944.0
444.30000000000001	57.0
444.5	577.0
444.69999999999999	202.0
445.10000000000002	689.0
445.30000000000001	542.0
445.80000000000001	47.0
445.80000000000001	281.0
446.0	427.0
446.0	556.0
446.0	1005.0
446.10000000000002	1035.0
446.39999999999998	178.0
446.5	474.0
446.60000000000002	774.0
447.10000000000002	69.0
447.10000000000002	523.0
447.19999999999999	767.0
447.5	119.0
447.69999999999999	138.0
447.69999999999999	568.0
447.69999999999999	653.0
447.89999999999998	209.0
448.0	706.0
448.10000000000002	496.0
448.39999999999998	46.0
448.39999999999998	277.0
448.39999999999998	655.0
448.60000000000002	289.0
448.69999999999999	301.0
449.30000000000001	619.0
449.5	509.0
449.60000000000002	616.0
449.69999999999999	263.0
449.89999999999998	991.0
450.0	552.0
450.19999999999999	1037.0
450.69999999999999	981.0
450.80000000000001	236.0
451.0	676.0
451.10000000000002	465.0
451.30000000000001	7.0
451.5	238.0
452.10000000000002	1055.0
452.30000000000001	534.0
453.10000000000002	926.0
453.60000000000002	443.0
453.89999999999998	576.0
454.0	125.0
454.89999999999998	100.0
455.19999999999999	686.0
455.30000000000001	652.0
455.30000000000001	670.0
455.39999999999998	834.0
455.89999999999998	75.0
456.30000000000001	828.0
456.69999999999999	224.0
456.80000000000001	335.0
457.10000000000002	965.0
457.19999999999999	169.0
458.0	454.0
458.19999999999999	84.0
458.30000000000001	836.0
459.0	296.0
459.0	452.0
459.10000000000002	1029.0
459.30000000000001	356.0
459.39999999999998	601.0
459.69999999999999	865.0
461.69999999999999	481.0
461.80000000000001	105.0
461.89999999999998	986.0
462.30000000000001	842.0
463.0	748.0
463.10000000000002	99.0
463.19999999999999	578.0
463.39999999999998	192.0
463.60000000000002	395.0
463.80000000000001	351.0
463.80000000000001	867.0
463.89999999999998	467.0
464.69999999999999	151.0
464.69999999999999	180.0
464.69999999999999	336.0
464.69999999999999	992.0
464.89999999999998	245.0
465.0	900.0
465.39999999999998	610.0
465.60000000000002	307.0
465.69999999999999	331.0
466.10000000000002	904.0
466.19999999999999	27.0
466.30000000000001	308.0
466.5	273.0
466.5	831.0
466.69999999999999	304.0
467.39999999999998	410.0
467.39999999999998	504.0
468.30000000000001	220.0
468.60000000000002	71.0
468.60000000000002	150.0
469.10000000000002	234.0
469.19999999999999	227.0
469.30000000000001	809.0
469.39999999999998	531.0
469.39999999999998	788.0
469.5	906.0
469.60000000000002	987.0
470.10000000000002	469.0
470.39999999999998	483.0
470.39999999999998	798.0
470.60000000000002	996.0
471.0	843.0
471.19999999999999	348.0
471.19999999999999	898.0
471.80000000000001	782.0
472.0	1001.0
472.10000000000002	762.0
472.19999999999999	398.0
472.19999999999999	876.0
472.39999999999998	374.0
472.60000000000002	951.0
472.69999999999999	113.0
473.0	773.0
473.30000000000001	855.0
473.39999999999998	771.0
473.5	23.0
474.0	493.0
474.30000000000001	74.0
474.5	1010.0
474.80000000000001	956.0
475.30000000000001	938.0
475.5	966.0
475.69999999999999	290.0
476.5	8.0
476.5	628.0
477.30000000000001	81.0
477.30000000000001	189.0
477.39999999999998	497.0
477.60000000000002	64.0
478.10000000000002	20.0
478.10000000000002	622.0
478.19999999999999	117.0
478.30000000000001	415.0
478.5	305.0
479.89999999999998	285.0
480.10000000000002	933.0
480.19999999999999	704.0
480.80000000000001	15.0
480.89999999999998	239.0
481.0	141.0
481.39999999999998	960.0
481.5	474.0
481.80000000000001	128.0
481.80000000000001	317.0
482.10000000000002	675.0
482.19999999999999	949.0
482.60000000000002	682.0
483.5	310.0
483.60000000000002	912.0
484.19999999999999	934.0
484.30000000000001	513.0
485.0	799.0
485.30000000000001	311.0
485.60000000000002	599.0
485.89999999999998	339.0
486.0	1039.0
486.10000000000002	814.0
486.19999999999999	576.0
486.30000000000001	449.0
486.5	49.0
486.5	971.0
486.69999999999999	489.0
487.19999999999999	656.0
487.30000000000001	139.0
488.10000000000002	140.0
488.10000000000002	503.0
488.30000000000001	674.0
488.39999999999998	482.0
489.0	1032.0
489.19999999999999	379.0
490.0	235.0
490.10000000000002	922.0
490.39999999999998	307.0
490.39999999999998	487.0
490.39999999999998	828.0
490.69999999999999	325.0
490.80000000000001	231.0
490.89999999999998	230.0
490.89999999999998	245.0
490.89999999999998	832.0
491.39999999999998	247.0
491.39999999999998	556.0
491.5	1064.0
492.19999999999999	740.0
492.39999999999998	604.0
492.5	543.0
492.60000000000002	80.0
492.89999999999998	87.0
492.89999999999998	481.0
493.10000000000002	220.0
493.39999999999998	185.0
494.0	472.0
494.0	677.0
494.39999999999998	255.0
494.39999999999998	516.0
495.89999999999998	232.0
496.0	763.0
496.10000000000002	179.0
496.10000000000002	320.0
496.10000000000002	846.0
496.39999999999998	636.0
497.0	106.0
497.5	83.0
497.60000000000002	673.0
497.69999999999999	619.0
497.80000000000001	107.0
497.89999999999998	735.0
498.30000000000001	565.0
498.5	300.0
498.5	937.0
498.60000000000002	644.0
498.80000000000001	987.0
499.0	360.0
499.30000000000001	453.0
499.30000000000001	764.0
499.5	756.0
499.89999999999998	821.0
500.0	193.0
500.19999999999999	450.0
500.39999999999998	19.0
500.39999999999998	416.0
500.69999999999999	845.0
501.5	125.0
501.69999999999999	281.0
502.0	79.0
502.10000000000002	799.0
502.19999999999999	134.0
502.19999999999999	173.0
502.39999999999998	547.0
502.60000000000002	0.0
502.69999999999999	410.0
502.69999999999999	438.0
502.69999999999999	847.0
503.19999999999999	434.0
503.19999999999999	1000.0
503.80000000000001	702.0
504.10000000000002	215.0
504.30000000000001	889.0
504.30000000000001	939.0
504.39999999999998	286.0
504.69999999999999	967.0
504.80000000000001	686.0
504.80000000000001	780.0
505.10000000000002	271.0
505.30000000000001	480.0
505.89999999999998	1020.0
506.10000000000002	349.0
506.30000000000001	101.0
506.30000000000001	289.0
506.39999999999998	1043.0
506.69999999999999	694.0
506.80000000000001	436.0
507.0	773.0
507.30000000000001	665.0
507.39999999999998	414.0
507.5	86.0
507.60000000000002	835.0
507.89999999999998	226.0
508.0	105.0
508.19999999999999	607.0
508.19999999999999	724.0
508.60000000000002	1025.0
508.69999999999999	769.0
508.80000000000001	203.0
508.89999999999998	842.0
509.0	639.0
509.10000000000002	666.0
509.10000000000002	765.0
509.39999999999998	356.0
509.80000000000001	272.0
509.80000000000001	662.0
509.89999999999998	593.0
510.5	229.0
510.69999999999999	407.0
510.89999999999998	994.0
511.0	218.0
511.0	859.0
511.30000000000001	423.0
511.5	169.0
511.60000000000002	618.0
511.69999999999999	559.0
511.80000000000001	133.0
511.89999999999998	505.0
511.89999999999998	1006.0
512.10000000000002	256.0
512.70000000000005	396.0
512.79999999999995	598.0
512.89999999999998	224.0
513.0	690.0
513.60000000000002	768.0
513.79999999999995	778.0
514.0	572.0
514.0	708.0
514.29999999999995	960.0
514.39999999999998	1023.0
514.39999999999998	1047.0
514.5	239.0
514.70000000000005	24.0
515.20000000000005	617.0
515.20000000000005	774.0
515.39999999999998	755.0
515.70000000000005	664.0
516.10000000000002	290.0
516.20000000000005	123.0
516.20000000000005	964.0
517.0	25.0
517.0	891.0
517.20000000000005	446.0
517.39999999999998	110.0
517.70000000000005	711.0
517.79999999999995	779.0
518.20000000000005	682.0
518.20000000000005	966.0
518.5	984.0
518.70000000000005	748.0
518.79999999999995	147.0
518.89999999999998	236.0
518.89999999999998	919.0
519.0	1002.0
519.10000000000002	185.0
519.10000000000002	422.0
519.10000000000002	830.0
519.20000000000005	482.0
519.20000000000005	877.0
519.60000000000002	202.0
520.60000000000002	62.0
520.70000000000005	1001.0
522.20000000000005	692.0
522.29999999999995	650.0
522.29999999999995	731.0
522.5	478.0
522.79999999999995	391.0
523.10000000000002	695.0
523.5	90.0
523.70000000000005	628.0
524.10000000000002	875.0
524.29999999999995	973.0
524.60000000000002	299.0
524.60000000000002	1055.0
525.10000000000002	243.0
525.29999999999995	54.0
525.60000000000002	789.0
526.0	562.0
526.39999999999998	208.0
526.39999999999998	570.0
527.10000000000002	718.0
527.20000000000005	884.0
527.29999999999995	625.0
527.60000000000002	633.0
527.70000000000005	116.0
527.79999999999995	231.0
528.89999999999998	909.0
530.29999999999995	476.0
530.5	933.0
530.79999999999995	282.0
531.20000000000005	742.0
531.5	103.0
531.5	834.0
531.60000000000002	420.0
531.79999999999995	241.0
531.89999999999998	38.0
532.20000000000005	549.0
532.29999999999995	129.0
532.5	204.0
532.60000000000002	766.0
533.10000000000002	530.0
533.10000000000002	887.0
533.20000000000005	361.0
533.20000000000005	760.0
533.29999999999995	962.0
533.39999999999998	297.0
533.60000000000002	787.0
533.79999999999995	488.0
534.29999999999995	344.0
534.29999999999995	437.0
534.29999999999995	1016.0
534.39999999999998	414.0
534.60000000000002	462.0
534.70000000000005	217.0
534.70000000000005	806.0
535.10000000000002	808.0
535.39999999999998	826.0
535.5	69.0
535.79999999999995	93.0
535.79999999999995	411.0
535.79999999999995	988.0
536.0	892.0
536.10000000000002	799.0
536.20000000000005	1063.0
536.79999999999995	223.0
536.89999999999998	430.0
536.89999999999998	935.0
537.39999999999998	621.0
537.70000000000005	1048.0
537.79999999999995	532.0
537.89999999999998	10.0
537.89999999999998	652.0
538.5	749.0
539.10000000000002	974.0
539.29999999999995	380.0
539.79999999999995	712.0
539.89999999999998	679.0
540.0	295.0
540.10000000000002	591.0
541.10000000000002	685.0
541.10000000000002	1004.0
542.0	665.0
542.10000000000002	386.0
542.89999999999998	467.0
543.29999999999995	710.0
543.29999999999995	993.0
543.60000000000002	469.0
543.70000000000005	898.0
543.79999999999995	347.0
543.79999999999995	514.0
544.20000000000005	26.0
544.20000000000005	412.0
544.29999999999995	327.0
544.60000000000002	936.0
544.89999999999998	466.0
545.10000000000002	460.0
545.20000000000005	111.0
545.20000000000005	342.0
545.29999999999995	1025.0
545.39999999999998	839.0
545.39999999999998	934.0
546.0	1045.0
546.10000000000002	980.0
546.39999999999998	41.0
546.5	649.0
546.60000000000002	762.0
546.70000000000005	276.0
547.60000000000002	23.0
548.79999999999995	755.0
548.89999999999998	296.0
548.89999999999998	790.0
549.0	756.0
549.10000000000002	732.0
549.29999999999995	525.0
549.39999999999998	225.0
549.5	426.0
549.60000000000002	548.0
549.60000000000002	623.0
549.70000000000005	370.0
549.89999999999998	176.0
550.79999999999995	233.0
551.10000000000002	867.0
551.79999999999995	943.0
552.29999999999995	343.0
552.39999999999998	106.0
552.5	874.0
552.70000000000005	584.0
552.89999999999998	748.0
553.0	636.0
553.5	162.0
553.5	417.0
553.70000000000005	567.0
553.70000000000005	906.0
554.29999999999995	843.0
554.79999999999995	61.0
555.10000000000002	496.0
555.5	456.0
555.60000000000002	151.0
555.79999999999995	148.0
556.20000000000005	78.0
556.29999999999995	177.0
556.39999999999998	221.0
556.5	443.0
556.5	643.0
557.20000000000005	413.0
557.20000000000005	655.0
557.29999999999995	13.0
557.39999999999998	552.0
557.60000000000002	77.0
557.60000000000002	1002.0
557.70000000000005	449.0
557.79999999999995	969.0
557.89999999999998	541.0
558.10000000000002	1030.0
558.39999999999998	982.0
558.5	171.0
559.0	915.0
559.5	285.0
560.10000000000002	480.0
560.29999999999995	14.0
560.29999999999995	1015.0
560.5	172.0
560.70000000000005	996.0
561.20000000000005	594.0
561.5	455.0
561.60000000000002	533.0
562.0	1041.0
562.10000000000002	638.0
562.20000000000005	244.0
562.39999999999998	157.0
563.10000000000002	877.0
563.20000000000005	783.0
563.29999999999995	79.0
563.5	1046.0
563.79999999999995	184.0
564.79999999999995	355.0
565.20000000000005	362.0
565.39999999999998	255.0
565.39999999999998	958.0
565.60000000000002	836.0
565.79999999999995	521.0
565.79999999999995	907.0
566.20000000000005	183.0
566.39999999999998	220.0
566.79999999999995	1010.0
567.10000000000002	811.0
567.5	4.0
567.5	1000.0
567.79999999999995	549.0
568.20000000000005	2.0
568.60000000000002	745.0
568.70000000000005	397.0
569.0	895.0
569.10000000000002	215.0
569.29999999999995	459.0
569.5	341.0
569.79999999999995	194.0
569.89999999999998	420.0
570.0	386.0
570.20000000000005	26.0
570.29999999999995	537.0
570.60000000000002	1058.0
570.70000000000005	717.0
570.79999999999995	868.0
571.20000000000005	715.0
571.5	71.0
572.10000000000002	240.0
572.60000000000002	409.0
573.10000000000002	444.0
573.70000000000005	740.0
573.89999999999998	425.0
574.20000000000005	368.0
574.20000000000005	970.0
574.29999999999995	452.0
575.29999999999995	870.0
575.39999999999998	955.0
575.5	652.0
575.79999999999995	363.0
575.79999999999995	591.0
575.89999999999998	393.0
576.0	319.0
576.29999999999995	270.0
576.89999999999998	670.0
577.60000000000002	152.0
577.79999999999995	271.0
578.10000000000002	1016.0
578.20000000000005	406.0
578.29999999999995	232.0
578.89999999999998	672.0
579.20000000000005	302.0
579.79999999999995	1060.0
580.0	1037.0
580.10000000000002	1064.0
580.29999999999995	1032.0
580.39999999999998	185.0
580.39999999999998	929.0
580.5	607.0
580.79999999999995	835.0
580.79999999999995	865.0
581.20000000000005	482.0
581.20000000000005	1053.0
581.5	976.0
582.0	300.0
582.10000000000002	969.0
582.5	291.0
582.60000000000002	590.0
582.60000000000002	1056.0
583.29999999999995	105.0
583.79999999999995	391.0
583.79999999999995	1019.0
583.89999999999998	1022.0
584.20000000000005	75.0
584.29999999999995	517.0
584.60000000000002	932.0
584.70000000000005	764.0
584.89999999999998	101.0
585.5	662.0
586.60000000000002	477.0
587.0	713.0
587.0	716.0
587.20000000000005	679.0
587.60000000000002	450.0
587.60000000000002	1055.0
587.79999999999995	236.0
587.79999999999995	930.0
588.20000000000005	840.0
588.39999999999998	470.0
588.70000000000005	851.0
589.0	224.0
589.29999999999995	882.0
589.39999999999998	763.0
589.89999999999998	890.0
590.29999999999995	967.0
590.79999999999995	213.0
590.79999999999995	582.0
591.0	1009.0
591.29999999999995	738.0
592.0	782.0
592.0	888.0
592.20000000000005	958.0
592.29999999999995	432.0
592.60000000000002	367.0
593.10000000000002	705.0
594.0	298.0
594.10000000000002	659.0
594.29999999999995	254.0
594.39999999999998	935.0
594.5	528.0
594.70000000000005	429.0
594.89999999999998	774.0
595.0	510.0
595.70000000000005	1013.0
596.0	504.0
596.20000000000005	550.0
596.39999999999998	639.0
596.5	1029.0
596.79999999999995	35.0
596.89999999999998	178.0
596.89999999999998	179.0
597.20000000000005	129.0
597.5	284.0
597.70000000000005	378.0
598.10000000000002	401.0
598.70000000000005	612.0
599.0	551.0
599.60000000000002	281.0
600.10000000000002	976.0
600.20000000000005	984.0
600.70000000000005	408.0
600.89999999999998	134.0
601.29999999999995	844.0
601.79999999999995	126.0
602.10000000000002	410.0
602.29999999999995	562.0
602.60000000000002	761.0
602.70000000000005	756.0
603.20000000000005	104.0
603.60000000000002	796.0
603.79999999999995	316.0
603.79999999999995	420.0
604.0	171.0
604.0	933.0
604.10000000000002	57.0
604.20000000000005	773.0
604.29999999999995	783.0
604.70000000000005	1056.0
604.79999999999995	121.0
604.79999999999995	746.0
605.5	369.0
605.5	827.0
605.60000000000002	84.0
605.70000000000005	873.0
605.89999999999998	124.0
606.10000000000002	365.0
606.29999999999995	801.0
606.39999999999998	729.0
606.70000000000005	335.0
606.79999999999995	162.0
606.89999999999998	921.0
607.0	545.0
607.70000000000005	58.0
607.79999999999995	598.0
608.5	186.0
608.5	319.0
608.60000000000002	624.0
608.79999999999995	748.0
609.0	232.0
609.70000000000005	885.0
609.79999999999995	26.0
609.89999999999998	96.0
611.0	82.0
611.20000000000005	690.0
611.20000000000005	924.0
611.29999999999995	8.0
611.70000000000005	501.0
611.70000000000005	727.0
611.79999999999995	493.0
612.10000000000002	272.0
612.20000000000005	373.0
613.0	85.0
613.10000000000002	256.0
613.29999999999995	667.0
613.60000000000002	241.0
613.79999999999995	27.0
614.0	1019.0
614.89999999999998	1002.0
615.29999999999995	912.0
615.60000000000002	982.0
615.70000000000005	419.0
615.70000000000005	726.0
615.89999999999998	135.0
615.89999999999998	605.0
616.0	1025.0
616.39999999999998	328.0
616.60000000000002	554.0
617.10000000000002	174.0
617.39999999999998	484.0
617.5	934.0
618.10000000000002	258.0
618.10000000000002	357.0
618.29999999999995	30.0
618.79999999999995	287.0
619.0	67.0
619.5	945.0
619.70000000000005	194.0
619.70000000000005	1033.0
620.10000000000002	264.0
620.5	1037.0
620.89999999999998	76.0
621.10000000000002	907.0
621.29999999999995	215.0
621.39999999999998	346.0
621.79999999999995	509.0
621.89999999999998	0.0
621.89999999999998	464.0
621.89999999999998	496.0
622.0	818.0
622.20000000000005	100.0
622.29999999999995	599.0
622.39999999999998	860.0
622.79999999999995	449.0
622.79999999999995	719.0
622.79999999999995	926.0
623.10000000000002	865.0
623.89999999999998	936.0
624.10000000000002	537.0
624.20000000000005	855.0
624.60000000000002	233.0
624.60000000000002	724.0
624.60000000000002	1046.0
624.70000000000005	416.0
624.70000000000005	745.0
625.0	279.0
625.0	776.0
625.10000000000002	3.0
625.20000000000005	634.0
625.5	519.0
625.89999999999998	96.0
626.0	594.0
626.20000000000005	73.0
626.20000000000005	455.0
626.39999999999998	549.0
626.60000000000002	410.0
626.70000000000005	115.0
626.89999999999998	80.0
627.5	637.0
628.10000000000002	150.0
628.10000000000002	732.0
628.20000000000005	844.0
628.29999999999995	102.0
628.60000000000002	252.0
629.10000000000002	19.0
629.10000000000002	210.0
629.20000000000005	817.0
629.39999999999998	390.0
629.60000000000002	1024.0
630.29999999999995	12.0
630.29999999999995	931.0
630.39999999999998	261.0
630.5	925.0
630.70000000000005	728.0
630.89999999999998	414.0
631.0	398.0
631.0	604.0
631.60000000000002	1064.0
631.89999999999998	315.0
632.10000000000002	557.0
632.70000000000005	62.0
632.79999999999995	995.0
633.20000000000005	219.0
633.20000000000005	419.0
633.39999999999998	77.0
633.5	353.0
633.60000000000002	731.0
633.89999999999998	240.0
634.20000000000005	829.0
634.70000000000005	88.0
634.70000000000005	136.0
634.79999999999995	347.0
635.0	816.0
635.29999999999995	941.0
635.5	578.0
635.89999999999998	531.0
636.10000000000002	639.0
636.20000000000005	608.0
637.20000000000005	575.0
637.20000000000005	664.0
637.29999999999995	24.0
637.39999999999998	443.0
637.5	976.0
638.60000000000002	690.0
638.79999999999995	997.0
638.89999999999998	677.0
638.89999999999998	929.0
639.0	17.0
639.0	559.0
639.0	1045.0
639.10000000000002	52.0
639.10000000000002	123.0
639.10000000000002	356.0
639.20000000000005	1030.0
639.39999999999998	32.0
639.79999999999995	688.0
640.0	643.0
640.79999999999995	335.0
640.89999999999998	131.0
641.79999999999995	884.0
642.0	738.0
642.10000000000002	498.0
642.60000000000002	170.0
642.60000000000002	539.0
642.79999999999995	217.0
642.79999999999995	825.0
643.20000000000005	355.0
643.39999999999998	946.0
643.60000000000002	679.0
643.60000000000002	932.0
644.20000000000005	457.0
644.20000000000005	782.0
644.29999999999995	72.0
644.29999999999995	106.0
644.29999999999995	826.0
644.60000000000002	188.0
644.89999999999998	96.0
645.0	570.0
645.5	287.0
645.79999999999995	819.0
646.39999999999998	46.0
646.39999999999998	727.0
646.5	365.0
646.89999999999998	999.0
647.39999999999998	517.0
647.39999999999998	921.0
648.0	484.0
648.39999999999998	385.0
648.79999999999995	103.0
648.89999999999998	1049.0
649.0	529.0
649.10000000000002	1047.0
649.39999999999998	336.0
650.10000000000002	682.0
650.79999999999995	179.0
650.79999999999995	681.0
650.79999999999995	741.0
650.89999999999998	904.0
651.0	312.0
651.0	1023.0
651.10000000000002	98.0
651.20000000000005	241.0
651.70000000000005	532.0
651.79999999999995	971.0
651.89999999999998	572.0
652.20000000000005	109.0
652.29999999999995	342.0
652.70000000000005	458.0
652.70000000000005	768.0
653.39999999999998	196.0
653.60000000000002	430.0
655.10000000000002	951.0
655.20000000000005	973.0
655.29999999999995	1051.0
655.39999999999998	872.0
656.20000000000005	221.0
656.29999999999995	810.0
656.70000000000005	348.0
657.0	270.0
657.0	1002.0
657.10000000000002	732.0
658.10000000000002	555.0
658.70000000000005	779.0
658.79999999999995	297.0
658.79999999999995	800.0
658.89999999999998	165.0
659.29999999999995	931.0
659.60000000000002	536.0
660.10000000000002	1048.0
660.39999999999998	229.0
661.39999999999998	847.0
663.20000000000005	1062.0
663.60000000000002	137.0
664.0	47.0
664.20000000000005	541.0
664.5	435.0
664.60000000000002	389.0
664.60000000000002	912.0
664.70000000000005	191.0
665.0	762.0
665.10000000000002	285.0
665.39999999999998	8.0
665.39999999999998	163.0
665.70000000000005	986.0
666.0	94.0
666.20000000000005	227.0
666.20000000000005	288.0
666.39999999999998	22.0
666.70000000000005	601.0
666.79999999999995	962.0
667.29999999999995	407.0
667.89999999999998	107.0
668.29999999999995	185.0
668.60000000000002	55.0
668.70000000000005	10.0
668.70000000000005	79.0
668.79999999999995	888.0
668.89999999999998	46.0
668.89999999999998	461.0
669.29999999999995	659.0
669.39999999999998	249.0
669.60000000000002	485.0
669.70000000000005	975.0
670.5	135.0
670.60000000000002	203.0
670.60000000000002	323.0
670.89999999999998	318.0
671.39999999999998	625.0
671.60000000000002	694.0
671.79999999999995	302.0
672.0	99.0
672.0	665.0
672.39999999999998	877.0
672.79999999999995	368.0
672.89999999999998	306.0
672.89999999999998	990.0
673.0	155.0
673.10000000000002	648.0
673.20000000000005	792.0
673.39999999999998	627.0
673.70000000000005	2.0
673.70000000000005	670.0
673.89999999999998	243.0
673.89999999999998	680.0
674.0	172.0
674.20000000000005	995.0
674.89999999999998	662.0
675.0	171.0
675.0	767.0
675.10000000000002	6.0
675.10000000000002	993.0
675.29999999999995	1064.0
675.60000000000002	406.0
675.60000000000002	514.0
675.60000000000002	730.0
675.79999999999995	138.0
676.10000000000002	33.0
676.29999999999995	902.0
676.60000000000002	766.0
676.79999999999995	628.0
677.29999999999995	587.0
677.29999999999995	994.0
677.39999999999998	391.0
677.39999999999998	470.0
677.39999999999998	751.0
677.39999999999998	757.0
677.60000000000002	1032.0
678.10000000000002	817.0
678.39999999999998	1042.0
678.70000000000005	413.0
678.70000000000005	636.0
678.79999999999995	472.0
678.89999999999998	546.0
678.89999999999998	703.0
679.0	15.0
679.29999999999995	431.0
680.60000000000002	889.0
680.79999999999995	69.0
681.20000000000005	86.0
681.29999999999995	212.0
681.39999999999998	863.0
681.60000000000002	164.0
681.60000000000002	276.0
681.60000000000002	749.0
681.70000000000005	310.0
681.79999999999995	76.0
683.79999999999995	617.0
683.89999999999998	338.0
684.10000000000002	645.0
684.60000000000002	1059.0
684.79999999999995	1007.0
684.89999999999998	543.0
684.89999999999998	974.0
686.10000000000002	542.0
686.39999999999998	215.0
687.29999999999995	362.0
687.39999999999998	0.0
687.79999999999995	498.0
687.79999999999995	818.0
688.10000000000002	654.0
688.20000000000005	599.0
688.39999999999998	926.0
688.89999999999998	330.0
688.89999999999998	829.0
689.0	63.0
689.0	448.0
689.29999999999995	935.0
689.39999999999998	788.0
689.70000000000005	288.0
689.70000000000005	507.0
690.0	158.0
690.60000000000002	1027.0
690.89999999999998	258.0
690.89999999999998	452.0
691.29999999999995	1035.0
691.39999999999998	1056.0
691.5	64.0
692.20000000000005	75.0
692.70000000000005	647.0
692.89999999999998	875.0
693.10000000000002	303.0
693.5	748.0
693.79999999999995	464.0
693.79999999999995	872.0
694.20000000000005	816.0
695.70000000000005	250.0
695.70000000000005	1030.0
696.10000000000002	719.0
696.20000000000005	900.0
696.20000000000005	964.0
696.39999999999998	835.0
696.70000000000005	933.0
697.29999999999995	773.0
697.70000000000005	26.0
698.0	632.0
698.10000000000002	592.0
698.70000000000005	44.0
698.89999999999998	333.0
698.89999999999998	575.0
699.0	327.0
699.20000000000005	1023.0
699.29999999999995	607.0
699.5	188.0
699.5	434.0
699.60000000000002	115.0
700.29999999999995	954.0
700.79999999999995	107.0
701.20000000000005	287.0
701.29999999999995	697.0
701.39999999999998	548.0
701.70000000000005	790.0
702.39999999999998	649.0
702.60000000000002	985.0
702.70000000000005	103.0
702.89999999999998	886.0
702.89999999999998	1000.0
703.29999999999995	912.0
703.39999999999998	45.0
703.79999999999995	781.0
704.20000000000005	519.0
704.79999999999995	941.0
705.39999999999998	136.0
706.0	549.0
706.0	850.0
706.10000000000002	281.0
706.39999999999998	967.0
706.5	852.0
706.89999999999998	282.0
707.20000000000005	659.0
707.5	934.0
707.70000000000005	25.0
707.79999999999995	962.0
708.5	806.0
708.89999999999998	610.0
708.89999999999998	965.0
709.10000000000002	674.0
709.20000000000005	161.0
709.20000000000005	999.0
709.39999999999998	87.0
709.70000000000005	150.0
710.0	443.0
710.5	530.0
710.70000000000005	476.0
711.89999999999998	738.0
712.0	1009.0
712.10000000000002	762.0
712.20000000000005	98.0
712.20000000000005	207.0
713.20000000000005	134.0
713.39999999999998	523.0
713.5	352.0
713.5	910.0
713.89999999999998	163.0
713.89999999999998	588.0
714.5	200.0
714.5	208.0
714.60000000000002	52.0
715.70000000000005	102.0
715.70000000000005	1040.0
715.79999999999995	811.0
716.0	896.0
716.0	997.0
716.29999999999995	667.0
716.5	677.0
716.89999999999998	130.0
717.10000000000002	789.0
717.20000000000005	266.0
717.5	1005.0
717.5	1034.0
718.39999999999998	514.0
718.39999999999998	695.0
718.39999999999998	822.0
718.70000000000005	214.0
719.0	175.0
719.0	495.0
719.20000000000005	155.0
719.39999999999998	614.0
719.5	229.0
719.60000000000002	7.0
719.60000000000002	779.0
719.60000000000002	1064.0
719.70000000000005	368.0
719.89999999999998	379.0
720.29999999999995	109.0
720.39999999999998	701.0
720.89999999999998	532.0
721.0	734.0
721.29999999999995	552.0
721.5	369.0
721.60000000000002	314.0
721.70000000000005	196.0
721.70000000000005	1025.0
721.79999999999995	144.0
721.79999999999995	240.0
721.79999999999995	468.0
721.89999999999998	533.0
722.10000000000002	919.0
722.29999999999995	108.0
722.29999999999995	978.0
722.5	376.0
722.60000000000002	69.0
722.70000000000005	464.0
723.0	551.0
723.39999999999998	436.0
723.60000000000002	630.0
723.70000000000005	499.0
724.39999999999998	260.0
724.60000000000002	325.0
725.0	258.0
725.0	675.0
725.29999999999995	426.0
726.0	776.0
726.20000000000005	618.0
726.29999999999995	577.0
726.29999999999995	597.0
726.5	401.0
727.10000000000002	158.0
727.10000000000002	201.0
727.39999999999998	742.0
727.39999999999998	867.0
728.20000000000005	34.0
728.20000000000005	318.0
728.20000000000005	1063.0
728.5	914.0
728.60000000000002	410.0
730.0	141.0
730.10000000000002	198.0
730.29999999999995	1029.0
731.10000000000002	785.0
731.70000000000005	306.0
732.0	828.0
732.79999999999995	594.0
733.20000000000005	157.0
733.29999999999995	467.0
733.39999999999998	546.0
733.5	974.0
733.70000000000005	360.0
734.10000000000002	171.0
734.29999999999995	351.0
734.29999999999995	600.0
734.29999999999995	937.0
734.39999999999998	46.0
735.0	732.0
735.10000000000002	152.0
735.60000000000002	698.0
735.70000000000005	471.0
735.70000000000005	500.0
735.70000000000005	712.0
736.20000000000005	658.0
736.39999999999998	170.0
736.39999999999998	548.0
736.5	1000.0
736.89999999999998	76.0
737.20000000000005	320.0
737.29999999999995	387.0
737.5	607.0
737.70000000000005	121.0
737.79999999999995	632.0
737.89999999999998	453.0
737.89999999999998	748.0
738.10000000000002	528.0
738.39999999999998	28.0
738.70000000000005	637.0
739.39999999999998	724.0
739.70000000000005	86.0
739.70000000000005	839.0
739.79999999999995	104.0
739.89999999999998	115.0
740.70000000000005	299.0
741.20000000000005	929.0
741.29999999999995	801.0
741.39999999999998	10.0
741.5	1037.0
742.20000000000005	575.0
742.39999999999998	179.0
742.5	469.0
742.5	589.0
742.70000000000005	507.0
743.0	137.0
743.0	961.0
743.10000000000002	619.0
743.20000000000005	263.0
743.5	484.0
743.60000000000002	19.0
743.79999999999995	400.0
743.89999999999998	473.0
744.20000000000005	132.0
744.29999999999995	147.0
744.60000000000002	905.0
744.89999999999998	220.0
745.0	479.0
745.10000000000002	286.0
745.39999999999998	622.0
745.39999999999998	662.0
745.39999999999998	910.0
746.10000000000002	98.0
746.10000000000002	273.0
746.5	885.0
746.60000000000002	483.0
746.70000000000005	671.0
746.79999999999995	136.0
746.79999999999995	714.0
746.89999999999998	776.0
747.10000000000002	441.0
747.39999999999998	706.0
747.39999999999998	895.0
748.10000000000002	791.0
748.20000000000005	840.0
748.20000000000005	892.0
748.39999999999998	395.0
748.70000000000005	380.0
748.70000000000005	586.0
748.79999999999995	192.0
748.79999999999995	844.0
749.20000000000005	368.0
749.60000000000002	757.0
750.10000000000002	379.0
750.29999999999995	333.0
750.5	101.0
750.89999999999998	756.0
750.89999999999998	878.0
751.29999999999995	408.0
751.70000000000005	830.0
752.0	474.0
752.29999999999995	1061.0
752.39999999999998	470.0
753.10000000000002	255.0
753.79999999999995	693.0
754.0	862.0
754.89999999999998	628.0
755.10000000000002	930.0
755.39999999999998	107.0
755.5	445.0
756.10000000000002	446.0
756.20000000000005	655.0
756.70000000000005	48.0
757.60000000000002	837.0
757.79999999999995	315.0
757.79999999999995	963.0
758.10000000000002	134.0
758.29999999999995	710.0
758.5	621.0
758.5	651.0
758.5	1020.0
758.79999999999995	45.0
758.89999999999998	566.0
759.10000000000002	18.0
759.10000000000002	537.0
759.79999999999995	358.0
759.79999999999995	391.0
760.10000000000002	421.0
760.10000000000002	665.0
760.20000000000005	834.0
760.29999999999995	787.0
760.60000000000002	44.0
760.70000000000005	91.0
760.70000000000005	138.0
760.89999999999998	200.0
761.10000000000002	224.0
761.20000000000005	614.0
761.89999999999998	375.0
762.10000000000002	162.0
762.29999999999995	7.0
762.79999999999995	65.0
763.10000000000002	281.0
763.39999999999998	116.0
763.70000000000005	652.0
763.79999999999995	52.0
763.79999999999995	199.0
764.20000000000005	812.0
764.39999999999998	578.0
764.5	424.0
764.70000000000005	492.0
764.89999999999998	197.0
764.89999999999998	204.0
765.60000000000002	926.0
765.89999999999998	946.0
766.39999999999998	856.0
766.39999999999998	1007.0
766.70000000000005	398.0
766.89999999999998	519.0
767.0	9.0
767.0	473.0
767.5	705.0
767.60000000000002	615.0
767.79999999999995	78.0
767.89999999999998	1021.0
768.0	749.0
768.10000000000002	542.0
768.20000000000005	467.0
768.29999999999995	533.0
768.39999999999998	1050.0
768.5	161.0
768.89999999999998	570.0
769.10000000000002	934.0
769.20000000000005	282.0
770.29999999999995	252.0
770.89999999999998	599.0
771.20000000000005	236.0
771.5	170.0
771.70000000000005	514.0
771.89999999999998	543.0
772.0	933.0
772.20000000000005	434.0
772.5	213.0
772.70000000000005	969.0
773.10000000000002	353.0
773.29999999999995	1002.0
773.79999999999995	402.0
773.79999999999995	740.0
773.79999999999995	1033.0
774.10000000000002	742.0
774.39999999999998	532.0
774.39999999999998	1040.0
774.89999999999998	760.0
775.39999999999998	385.0
775.70000000000005	491.0
775.70000000000005	902.0
775.79999999999995	873.0
775.89999999999998	785.0
776.10000000000002	480.0
776.39999999999998	217.0
776.60000000000002	466.0
777.0	297.0
777.39999999999998	284.0
777.60000000000002	663.0
777.70000000000005	774.0
777.79999999999995	372.0
778.29999999999995	149.0
778.60000000000002	1058.0
778.79999999999995	327.0
779.20000000000005	75.0
779.29999999999995	415.0
779.79999999999995	773.0
779.79999999999995	839.0
780.10000000000002	374.0
780.39999999999998	494.0
780.70000000000005	405.0
780.70000000000005	420.0
780.89999999999998	436.0
780.89999999999998	967.0
781.29999999999995	915.0
781.39999999999998	980.0
781.60000000000002	685.0
781.70000000000005	218.0
782.0	112.0
782.0	366.0
782.0	702.0
782.0	1060.0
782.10000000000002	715.0
782.20000000000005	387.0
782.79999999999995	755.0
782.79999999999995	950.0
782.89999999999998	203.0
783.5	352.0
783.60000000000002	158.0
783.89999999999998	984.0
784.0	62.0
784.29999999999995	27.0
784.70000000000005	230.0
784.79999999999995	183.0
784.79999999999995	462.0
785.60000000000002	416.0
785.70000000000005	333.0
785.79999999999995	126.0
786.0	842.0
786.29999999999995	489.0
786.39999999999998	549.0
786.60000000000002	248.0
787.0	639.0
787.39999999999998	341.0
787.5	63.0
787.70000000000005	205.0
787.79999999999995	880.0
788.0	322.0
788.39999999999998	124.0
788.39999999999998	551.0
788.60000000000002	198.0
788.60000000000002	589.0
788.70000000000005	992.0
789.10000000000002	378.0
790.0	713.0
790.10000000000002	452.0
790.89999999999998	942.0
791.20000000000005	640.0
791.39999999999998	39.0
791.39999999999998	423.0
791.39999999999998	628.0
791.5	480.0
791.60000000000002	399.0
792.20000000000005	526.0
793.20000000000005	321.0
793.20000000000005	516.0
793.79999999999995	2.0
793.89999999999998	857.0
794.0	731.0
794.29999999999995	659.0
794.39999999999998	832.0
795.79999999999995	498.0
796.29999999999995	128.0
796.39999999999998	515.0
796.39999999999998	859.0
796.60000000000002	597.0
796.60000000000002	810.0
796.70000000000005	738.0
796.89999999999998	914.0
797.10000000000002	929.0
797.29999999999995	391.0
797.60000000000002	394.0
797.79999999999995	611.0
797.89999999999998	116.0
798.10000000000002	411.0
798.39999999999998	50.0
798.89999999999998	834.0
799.10000000000002	511.0
799.39999999999998	563.0
799.5	229.0
800.29999999999995	471.0
800.39999999999998	925.0
800.5	889.0
800.60000000000002	620.0
800.60000000000002	1023.0
801.29999999999995	149.0
801.29999999999995	336.0
801.60000000000002	864.0
801.89999999999998	1032.0
802.39999999999998	80.0
803.10000000000002	625.0
803.5	1054.0
803.89999999999998	562.0
804.20000000000005	768.0
804.60000000000002	534.0
804.60000000000002	728.0
804.79999999999995	639.0
804.79999999999995	823.0
805.39999999999998	711.0
805.5	99.0
806.0	826.0
806.10000000000002	724.0
806.20000000000005	590.0
806.60000000000002	1014.0
806.70000000000005	87.0
807.29999999999995	582.0
807.39999999999998	1033.0
807.70000000000005	226.0
807.70000000000005	833.0
807.89999999999998	684.0
808.29999999999995	1064.0
808.70000000000005	1045.0
809.20000000000005	422.0
809.29999999999995	909.0
809.39999999999998	958.0
809.60000000000002	974.0
809.70000000000005	388.0
809.79999999999995	835.0
810.10000000000002	763.0
810.39999999999998	231.0
810.5	729.0
810.70000000000005	771.0
810.70000000000005	999.0
810.79999999999995	63.0
811.20000000000005	18.0
811.20000000000005	488.0
811.20000000000005	772.0
812.10000000000002	852.0
812.70000000000005	621.0
813.0	75.0
813.10000000000002	353.0
813.39999999999998	667.0
813.39999999999998	867.0
813.79999999999995	474.0
813.79999999999995	706.0
813.79999999999995	1003.0
813.89999999999998	369.0
813.89999999999998	766.0
814.20000000000005	587.0
814.39999999999998	682.0
814.5	434.0
814.89999999999998	762.0
815.0	740.0
815.79999999999995	88.0
816.29999999999995	646.0
817.10000000000002	795.0
817.39999999999998	344.0
817.5	348.0
817.5	421.0
817.60000000000002	928.0
817.79999999999995	985.0
817.89999999999998	384.0
818.0	991.0
818.60000000000002	296.0
818.79999999999995	659.0
818.89999999999998	1052.0
819.0	150.0
819.29999999999995	233.0
819.5	258.0
819.70000000000005	169.0
819.79999999999995	314.0
820.29999999999995	82.0
820.5	267.0
820.79999999999995	184.0
820.89999999999998	1059.0
821.5	499.0
822.20000000000005	885.0
822.29999999999995	882.0
822.70000000000005	735.0
823.29999999999995	4.0
823.29999999999995	174.0
824.89999999999998	345.0
825.0	198.0
825.20000000000005	953.0
825.39999999999998	30.0
825.79999999999995	1.0
825.89999999999998	549.0
826.0	746.0
826.29999999999995	533.0
826.70000000000005	477.0
827.0	247.0
827.10000000000002	512.0
827.39999999999998	27.0
827.39999999999998	751.0
827.5	33.0
828.29999999999995	328.0
828.29999999999995	994.0
828.60000000000002	455.0
829.70000000000005	573.0
829.89999999999998	136.0
830.0	813.0
830.10000000000002	816.0
830.29999999999995	213.0
830.70000000000005	884.0
831.20000000000005	87.0
831.29999999999995	492.0
831.70000000000005	677.0
831.79999999999995	22.0
832.0	390.0
832.10000000000002	755.0
832.29999999999995	64.0
833.20000000000005	255.0
833.20000000000005	861.0
833.39999999999998	931.0
833.5	45.0
833.60000000000002	3.0
833.79999999999995	51.0
833.79999999999995	293.0
833.79999999999995	473.0
833.79999999999995	800.0
834.0	364.0
834.0	394.0
834.20000000000005	50.0
834.29999999999995	513.0
834.70000000000005	1029.0
834.79999999999995	55.0
834.79999999999995	456.0
835.0	102.0
835.10000000000002	427.0
835.10000000000002	594.0
835.29999999999995	581.0
835.60000000000002	130.0
835.89999999999998	574.0
836.10000000000002	691.0
836.20000000000005	578.0
836.20000000000005	854.0
836.29999999999995	507.0
836.29999999999995	598.0
836.39999999999998	820.0
836.60000000000002	57.0
836.70000000000005	1004.0
836.79999999999995	905.0
837.39999999999998	839.0
837.5	787.0
837.60000000000002	980.0
838.0	325.0
838.39999999999998	602.0
838.39999999999998	764.0
838.39999999999998	843.0
838.5	1015.0
838.60000000000002	482.0
839.0	1023.0
839.0	1062.0
839.10000000000002	1061.0
839.29999999999995	981.0
839.39999999999998	411.0
839.5	163.0
839.70000000000005	767.0
839.79999999999995	958.0
840.10000000000002	60.0
840.39999999999998	896.0
840.39999999999998	941.0
840.79999999999995	968.0
841.0	611.0
841.20000000000005	765.0
841.29999999999995	541.0
841.39999999999998	415.0
841.60000000000002	778.0
841.70000000000005	250.0
841.79999999999995	12.0
841.79999999999995	272.0
841.79999999999995	947.0
842.20000000000005	308.0
842.39999999999998	157.0
842.70000000000005	359.0
843.5	1010.0
844.10000000000002	1053.0
844.20000000000005	414.0
844.60000000000002	928.0
844.79999999999995	781.0
845.60000000000002	676.0
845.70000000000005	436.0
845.79999999999995	708.0
846.10000000000002	90.0
846.39999999999998	476.0
846.39999999999998	537.0
846.5	893.0
846.60000000000002	9.0
846.89999999999998	855.0
847.60000000000002	715.0
847.70000000000005	177.0
848.10000000000002	637.0
848.70000000000005	38.0
848.79999999999995	452.0
849.20000000000005	895.0
849.39999999999998	348.0
849.39999999999998	658.0
849.60000000000002	361.0
849.60000000000002	369.0
850.29999999999995	681.0
850.39999999999998	449.0
850.70000000000005	986.0
850.89999999999998	20.0
851.20000000000005	200.0
851.70000000000005	14.0
851.79999999999995	151.0
852.10000000000002	43.0
852.10000000000002	63.0
852.20000000000005	46.0
852.20000000000005	841.0
852.60000000000002	718.0
852.70000000000005	382.0
853.29999999999995	835.0
854.20000000000005	935.0
854.39999999999998	608.0
854.5	989.0
855.0	457.0
855.89999999999998	699.0
856.10000000000002	902.0
856.20000000000005	40.0
856.29999999999995	999.0
856.39999999999998	213.0
856.5	366.0
857.29999999999995	59.0
857.29999999999995	730.0
857.39999999999998	336.0
858.10000000000002	890.0
858.20000000000005	529.0
858.70000000000005	605.0
859.10000000000002	155.0
859.39999999999998	362.0
859.60000000000002	209.0
860.10000000000002	140.0
860.10000000000002	909.0
860.20000000000005	133.0
860.20000000000005	907.0
860.29999999999995	103.0
860.39999999999998	558.0
860.60000000000002	665.0
861.0	783.0
861.10000000000002	1005.0
862.10000000000002	291.0
862.10000000000002	539.0
862.10000000000002	734.0
862.20000000000005	773.0
862.60000000000002	225.0
862.89999999999998	766.0
863.39999999999998	793.0
863.5	141.0
863.5	885.0
863.70000000000005	901.0
864.20000000000005	866.0
864.39999999999998	1002.0
864.5	19.0
864.5	969.0
865.0	1058.0
865.39999999999998	178.0
865.39999999999998	720.0
865.60000000000002	998.0
865.70000000000005	51.0
866.0	615.0
866.20000000000005	547.0
866.20000000000005	712.0
866.89999999999998	692.0
867.20000000000005	532.0
867.29999999999995	764.0
867.70000000000005	466.0
868.0	1020.0
868.10000000000002	496.0
868.5	407.0
868.60000000000002	192.0
868.70000000000005	446.0
869.10000000000002	455.0
869.29999999999995	1029.0
869.89999999999998	748.0
870.10000000000002	706.0
870.20000000000005	1022.0
870.39999999999998	570.0
870.60000000000002	437.0
870.60000000000002	1001.0
871.10000000000002	1008.0
871.70000000000005	218.0
872.0	280.0
872.20000000000005	762.0
872.39999999999998	303.0
873.0	435.0
873.0	927.0
873.10000000000002	229.0
873.29999999999995	2.0
873.60000000000002	653.0
873.70000000000005	37.0
873.70000000000005	48.0
873.79999999999995	874.0
874.29999999999995	285.0
874.39999999999998	137.0
874.5	510.0
874.89999999999998	68.0
875.10000000000002	588.0
875.20000000000005	849.0
876.89999999999998	839.0
877.0	163.0
877.0	749.0
877.29999999999995	171.0
877.79999999999995	87.0
877.89999999999998	1035.0
878.0	572.0
878.60000000000002	674.0
878.70000000000005	943.0
878.89999999999998	311.0
879.0	473.0
879.10000000000002	185.0
879.79999999999995	147.0
879.89999999999998	325.0
880.10000000000002	223.0
880.29999999999995	328.0
880.29999999999995	586.0
880.60000000000002	660.0
881.0	28.0
881.0	695.0
881.10000000000002	273.0
881.20000000000005	939.0
881.89999999999998	201.0
881.89999999999998	770.0
882.0	537.0
882.10000000000002	26.0
882.10000000000002	139.0
882.89999999999998	999.0
883.39999999999998	217.0
883.39999999999998	582.0
883.79999999999995	1010.0
884.0	227.0
884.70000000000005	76.0
884.89999999999998	64.0
885.10000000000002	978.0
885.39999999999998	844.0
885.5	935.0
886.10000000000002	752.0
886.20000000000005	125.0
886.5	541.0
886.89999999999998	236.0
887.20000000000005	115.0
887.60000000000002	393.0
887.70000000000005	415.0
888.20000000000005	619.0
888.20000000000005	908.0
888.39999999999998	755.0
888.5	391.0
888.5	967.0
888.89999999999998	57.0
889.0	456.0
889.29999999999995	930.0
889.39999999999998	287.0
890.60000000000002	841.0
891.0	659.0
891.29999999999995	799.0
891.60000000000002	141.0
891.60000000000002	824.0
891.60000000000002	863.0
891.70000000000005	343.0
891.89999999999998	324.0
891.89999999999998	566.0
892.70000000000005	65.0
892.70000000000005	536.0
892.70000000000005	855.0
892.79999999999995	718.0
893.10000000000002	581.0
893.10000000000002	785.0
893.20000000000005	150.0
893.29999999999995	913.0
893.39999999999998	757.0
893.5	835.0
893.89999999999998	374.0
894.10000000000002	349.0
894.39999999999998	128.0
894.5	296.0
894.89999999999998	551.0
895.29999999999995	505.0
895.5	204.0
896.20000000000005	760.0
896.5	178.0
896.89999999999998	862.0
897.20000000000005	905.0
897.29999999999995	759.0
897.60000000000002	40.0
897.60000000000002	475.0
897.70000000000005	915.0
897.70000000000005	980.0
897.79999999999995	124.0
898.79999999999995	787.0
898.89999999999998	344.0
899.0	929.0
899.89999999999998	636.0
900.29999999999995	500.0
900.29999999999995	639.0
900.39999999999998	70.0
900.5	192.0
900.79999999999995	261.0
900.89999999999998	823.0
901.20000000000005	45.0
902.0	149.0
902.39999999999998	564.0
902.5	945.0
902.89999999999998	394.0
903.20000000000005	588.0
903.39999999999998	621.0
903.5	917.0
903.60000000000002	783.0
903.89999999999998	171.0
904.10000000000002	459.0
904.10000000000002	1026.0
904.20000000000005	207.0
904.20000000000005	492.0
904.60000000000002	282.0
904.89999999999998	592.0
905.29999999999995	391.0
905.5	941.0
905.5	1008.0
905.60000000000002	668.0
905.89999999999998	827.0
906.10000000000002	249.0
906.5	900.0
906.60000000000002	892.0
906.79999999999995	134.0
906.79999999999995	916.0
907.20000000000005	632.0
907.29999999999995	1010.0
907.70000000000005	208.0
907.70000000000005	583.0
907.79999999999995	174.0
907.89999999999998	521.0
908.0	277.0
908.0	845.0
908.10000000000002	978.0
908.70000000000005	112.0
908.70000000000005	283.0
908.79999999999995	542.0
908.89999999999998	615.0
908.89999999999998	616.0
909.0	480.0
909.20000000000005	740.0
909.79999999999995	836.0
909.89999999999998	768.0
910.0	257.0
910.10000000000002	474.0
910.29999999999995	488.0
910.29999999999995	764.0
910.5	652.0
910.70000000000005	281.0
910.89999999999998	187.0
910.89999999999998	693.0
911.0	395.0
911.20000000000005	241.0
911.70000000000005	90.0
912.0	66.0
913.89999999999998	75.0
914.10000000000002	317.0
914.10000000000002	834.0
914.20000000000005	47.0
914.29999999999995	379.0
914.29999999999995	841.0
914.60000000000002	1000.0
914.79999999999995	549.0
914.79999999999995	1051.0
915.0	464.0
915.0	992.0
915.70000000000005	376.0
915.89999999999998	515.0
916.70000000000005	399.0
917.60000000000002	436.0
917.70000000000005	931.0
918.0	410.0
918.10000000000002	242.0
918.20000000000005	1040.0
918.70000000000005	44.0
918.79999999999995	213.0
918.79999999999995	798.0
919.0	861.0
919.5	559.0
919.70000000000005	843.0
919.79999999999995	581.0
920.20000000000005	105.0
920.89999999999998	1054.0
921.0	526.0
921.10000000000002	64.0
921.29999999999995	132.0
921.39999999999998	444.0
921.79999999999995	455.0
922.5	884.0
922.60000000000002	268.0
923.0	969.0
923.10000000000002	107.0
923.20000000000005	608.0
923.29999999999995	912.0
923.39999999999998	1055.0
923.70000000000005	255.0
923.70000000000005	340.0
923.89999999999998	125.0
924.0	1021.0
924.20000000000005	776.0
924.60000000000002	452.0
924.70000000000005	926.0
925.20000000000005	1002.0
925.39999999999998	730.0
925.5	279.0
925.5	1031.0
925.89999999999998	39.0
925.89999999999998	91.0
926.0	3.0
927.0	757.0
927.39999999999998	62.0
927.39999999999998	593.0
928.10000000000002	635.0
928.70000000000005	289.0
928.70000000000005	337.0
928.89999999999998	967.0
929.89999999999998	404.0
930.60000000000002	741.0
930.79999999999995	960.0
931.20000000000005	552.0
931.39999999999998	352.0
932.29999999999995	165.0
932.29999999999995	292.0
932.29999999999995	852.0
932.39999999999998	63.0
933.0	131.0
933.10000000000002	312.0
933.10000000000002	620.0
933.20000000000005	1006.0
933.39999999999998	88.0
933.70000000000005	576.0
934.0	272.0
934.39999999999998	343.0
934.70000000000005	586.0
934.89999999999998	466.0
935.0	254.0
935.20000000000005	227.0
935.79999999999995	721.0
935.89999999999998	831.0
936.10000000000002	38.0
936.10000000000002	424.0
936.20000000000005	389.0
936.39999999999998	1039.0
936.89999999999998	658.0
937.10000000000002	387.0
937.39999999999998	1048.0
937.89999999999998	1035.0
938.29999999999995	930.0
938.39999999999998	20.0
938.79999999999995	714.0
939.10000000000002	260.0
939.60000000000002	277.0
939.60000000000002	766.0
939.79999999999995	829.0
939.89999999999998	473.0
940.20000000000005	21.0
940.5	348.0
941.10000000000002	909.0
941.20000000000005	425.0
941.20000000000005	1037.0
941.39999999999998	306.0
941.39999999999998	461.0
941.5	157.0
941.70000000000005	86.0
941.79999999999995	803.0
941.89999999999998	685.0
942.10000000000002	282.0
942.10000000000002	1063.0
942.20000000000005	283.0
942.20000000000005	451.0
942.29999999999995	442.0
942.29999999999995	479.0
942.39999999999998	497.0
942.39999999999998	542.0
942.5	123.0
942.5	364.0
942.5	595.0
942.79999999999995	447.0
943.10000000000002	985.0
943.39999999999998	799.0
943.60000000000002	905.0
943.60000000000002	919.0
943.70000000000005	488.0
944.0	196.0
944.29999999999995	434.0
945.0	474.0
945.89999999999998	24.0
945.89999999999998	551.0
946.0	676.0
946.20000000000005	220.0
946.20000000000005	367.0
946.29999999999995	718.0
946.89999999999998	573.0
947.0	502.0
947.5	414.0
947.5	550.0
947.5	962.0
948.20000000000005	521.0
948.20000000000005	652.0
948.29999999999995	789.0
948.29999999999995	883.0
948.5	210.0
948.70000000000005	619.0
948.79999999999995	951.0
948.89999999999998	557.0
949.29999999999995	716.0
949.39999999999998	699.0
949.60000000000002	111.0
949.60000000000002	456.0
949.79999999999995	140.0
949.89999999999998	953.0
950.60000000000002	40.0
950.60000000000002	399.0
950.70000000000005	303.0
950.79999999999995	141.0
951.10000000000002	90.0
951.60000000000002	755.0
951.60000000000002	768.0
951.70000000000005	150.0
952.10000000000002	982.0
952.20000000000005	376.0
952.39999999999998	604.0
953.10000000000002	696.0
953.20000000000005	372.0
953.29999999999995	692.0
953.39999999999998	686.0
953.70000000000005	171.0
953.79999999999995	132.0
954.0	489.0
954.20000000000005	91.0
954.20000000000005	628.0
955.0	218.0
955.29999999999995	517.0
955.60000000000002	407.0
955.79999999999995	636.0
956.10000000000002	242.0
956.39999999999998	286.0
957.0	787.0
957.29999999999995	179.0
957.39999999999998	556.0
958.89999999999998	102.0
959.29999999999995	717.0
959.39999999999998	1021.0
960.0	931.0
960.20000000000005	330.0
960.29999999999995	969.0
961.20000000000005	247.0
961.20000000000005	584.0
961.39999999999998	225.0
961.39999999999998	257.0
961.60000000000002	385.0
961.89999999999998	214.0
962.39999999999998	450.0
962.39999999999998	978.0
962.79999999999995	222.0
963.89999999999998	623.0
964.0	364.0
964.5	748.0
964.70000000000005	162.0
965.10000000000002	862.0
965.5	540.0
965.5	1049.0
965.79999999999995	52.0
966.10000000000002	213.0
966.20000000000005	984.0
966.39999999999998	80.0
966.5	537.0
966.5	545.0
966.89999999999998	535.0
967.20000000000005	880.0
967.29999999999995	1010.0
967.60000000000002	354.0
967.89999999999998	13.0
967.89999999999998	615.0
968.20000000000005	767.0
969.0	967.0
969.10000000000002	263.0
969.39999999999998	188.0
969.5	548.0
969.60000000000002	167.0
969.89999999999998	591.0
969.89999999999998	784.0
970.10000000000002	177.0
970.10000000000002	706.0
970.20000000000005	118.0
970.39999999999998	522.0
970.79999999999995	549.0
971.5	1030.0
972.10000000000002	652.0
972.39999999999998	157.0
972.5	539.0
973.20000000000005	355.0
973.89999999999998	19.0
974.29999999999995	320.0
974.5	817.0
974.60000000000002	728.0
974.70000000000005	4.0
975.10000000000002	536.0
975.29999999999995	766.0
975.29999999999995	811.0
975.39999999999998	384.0
975.60000000000002	331.0
975.70000000000005	418.0
975.79999999999995	1054.0
977.0	1048.0
977.20000000000005	746.0
977.79999999999995	224.0
977.89999999999998	54.0
977.89999999999998	137.0
978.0	449.0
978.29999999999995	254.0
978.39999999999998	972.0
978.5	169.0
978.60000000000002	351.0
978.60000000000002	635.0
978.70000000000005	1040.0
979.29999999999995	532.0
980.70000000000005	235.0
980.70000000000005	930.0
980.79999999999995	372.0
981.0	915.0
981.10000000000002	96.0
981.20000000000005	828.0
981.20000000000005	872.0
981.29999999999995	918.0
981.39999999999998	187.0
981.39999999999998	526.0
981.79999999999995	163.0
981.89999999999998	1037.0
982.10000000000002	255.0
982.60000000000002	690.0
982.79999999999995	528.0
983.10000000000002	826.0
983.39999999999998	587.0
983.60000000000002	50.0
983.60000000000002	379.0
983.79999999999995	759.0
983.89999999999998	668.0
984.39999999999998	662.0
984.60000000000002	936.0
984.89999999999998	329.0
985.39999999999998	807.0
985.89999999999998	22.0
986.20000000000005	808.0
986.29999999999995	806.0
986.79999999999995	521.0
987.10000000000002	253.0
987.10000000000002	792.0
987.29999999999995	25.0
987.39999999999998	308.0
987.79999999999995	491.0
988.0	239.0
988.89999999999998	658.0
989.0	705.0
990.39999999999998	727.0
990.5	905.0
990.70000000000005	937.0
990.89999999999998	760.0
990.89999999999998	1002.0
991.20000000000005	160.0
991.20000000000005	213.0
991.20000000000005	560.0
991.79999999999995	231.0
992.29999999999995	954.0
992.29999999999995	956.0
992.60000000000002	535.0
993.10000000000002	356.0
993.29999999999995	534.0
993.39999999999998	664.0
993.70000000000005	404.0
994.10000000000002	0.0
994.70000000000005	799.0
995.0	942.0
995.29999999999995	601.0
995.5	909.0
995.60000000000002	599.0
995.70000000000005	931.0
996.10000000000002	919.0
996.20000000000005	375.0
996.29999999999995	716.0
996.5	1062.0
996.60000000000002	38.0
996.89999999999998	216.0
996.89999999999998	471.0
996.89999999999998	576.0
997.10000000000002	809.0
997.10000000000002	899.0
997.20000000000005	458.0
998.10000000000002	531.0
998.29999999999995	860.0
998.5	607.0
999.0	540.0
999.10000000000002	140.0
999.20000000000005	933.0
999.29999999999995	484.0
999.5	1001.0
999.89999999999998	343.0
